10 9.090909
1010 1162.127273
2010 1892.418182
3010 2183.327273
4010 2393.181818
5010 2567.436364
6010 2858.345455
7010 3162.872727
8010 3683.327273
9010 3988.636364
10010 4428.800000
11010 4925.000000
12010 5319.690909
13010 5875.000000
14010 6207.581818
15010 6651.527273
16010 7100.000000
17010 7534.090909
18010 7974.236364
19010 8481.818182
20010 8860.600000
21010 9292.436364
22010 9740.163636
23010 10222.727273
24010 11030.309091
25010 11163.636364
26010 11575.000000
27010 11951.509091
28010 12393.945455
29010 12881.818182
30010 13292.436364
31010 13822.727273
32010 14211.363636
33010 14646.218182
34010 15243.945455
35010 15560.618182
36010 16011.363636
37010 16534.854545
38010 16850.745455
39010 17926.509091
40010 17764.400000
41010 18248.472727
42010 18814.381818
43010 19336.363636
44010 19590.909091
45010 20229.545455
46010 20412.872727
47010 20893.945455
48010 21372.727273
49010 22653.781818
50010 22183.327273
51010 23289.400000
52010 23796.218182
53010 24308.327273
54010 24146.981818
55010 24521.200000
56010 24833.327273
57010 26379.545455
58010 25778.781818
59010 26287.890909
60010 27772.727273
61010 27078.800000
62010 27637.872727
63010 27996.218182
64010 28586.363636
65010 29643.945455
66010 29270.454545
67010 29718.927273
68010 30556.054545
69010 30670.454545
70010 31032.581818
71010 31490.145455
72010 32673.490909
73010 33546.981818
74010 33628.036364
75010 33484.090909
76010 33759.854545
77010 34276.527273
78010 34584.090909
79010 35067.418182
80010 36274.236364
81010 35959.854545
82010 36307.581818
83010 37622.727273
84010 37293.945455
85010 37826.509091
86010 38191.672727
87010 40051.509091
88010 40112.890909
89010 39536.363636
90010 40247.727273
91010 41297.727273
92010 40876.527273
93010 42104.545455
94010 42605.309091
95010 42710.618182
96010 44597.727273
97010 43067.418182
98010 43648.472727
99010 44050.000000
