10 11.363636
1010 1164.381818
2010 1893.945455
3010 2469.690909
4010 2607.581818
5010 2787.872727
6010 2850.000000
7010 3207.581818
8010 3597.727273
9010 3990.145455
10010 4431.818182
11010 4879.545455
12010 5323.472727
13010 5793.927273
14010 6203.036364
15010 6643.945455
16010 7092.418182
17010 7542.418182
18010 7979.545455
19010 8406.818182
20010 8893.181818
21010 9293.945455
22010 9794.709091
23010 10189.381818
24010 10718.927273
25010 11356.054545
26010 11524.236364
27010 11944.690909
28010 12387.872727
29010 12833.327273
30010 13281.072727
31010 13725.763636
32010 14162.872727
33010 14653.018182
34010 15048.472727
35010 15532.581818
36010 15929.545455
37010 16425.000000
38010 16856.818182
39010 17339.400000
40010 17729.545455
41010 18705.290909
42010 18635.600000
43010 19041.654545
44010 19550.000000
45010 20073.472727
46010 20438.636364
47010 21740.145455
48010 21332.581818
49010 21725.763636
50010 22264.400000
51010 22659.854545
52010 23044.690909
53010 23501.509091
54010 24273.472727
55010 24493.945455
56010 24822.727273
57010 25356.818182
58010 26060.600000
59010 26211.363636
60010 27219.690909
61010 27333.327273
62010 27538.636364
63010 28005.290909
64010 28422.727273
65010 29262.127273
66010 29789.381818
67010 29825.000000
68010 30198.490909
69010 30686.363636
70010 31067.418182
71010 31565.909091
72010 31972.727273
73010 33057.581818
74010 32860.600000
75010 33381.072727
76010 33759.854545
77010 34204.545455
78010 34708.345455
79010 35079.545455
80010 35496.200000
81010 36043.181818
82010 37148.472727
83010 36810.600000
84010 37764.381818
85010 37872.727273
86010 38130.290909
87010 38675.763636
88010 39503.036364
89010 39526.527273
90010 40037.872727
91010 41748.490909
92010 40820.454545
93010 41385.600000
94010 42648.472727
95010 42139.400000
96010 42615.909091
97010 43298.490909
98010 43471.963636
99010 43977.272727
