-4.998991
-4.997982
-4.996972
-4.995963
-4.994954
-4.993945
-4.992936
-4.991927
-4.990917
-4.989908
-4.988899
-4.987890
-4.986881
-4.985871
-4.984862
-4.983853
-4.982844
-4.981835
-4.980826
-4.979816
-4.978807
-4.977798
-4.976789
-4.975780
-4.974770
-4.973761
-4.972752
-4.971743
-4.970734
-4.969724
-4.968715
-4.967706
-4.966697
-4.965688
-4.964679
-4.963669
-4.962660
-4.961651
-4.960642
-4.959633
-4.958623
-4.957614
-4.956605
-4.955596
-4.954587
-4.953578
-4.952568
-4.951559
-4.950550
-4.949541
-4.948532
-4.947522
-4.946513
-4.945504
-4.944495
-4.943486
-4.942477
-4.941467
-4.940458
-4.939449
-4.938440
-4.937431
-4.936421
-4.935412
-4.934403
-4.933394
-4.932385
-4.931376
-4.930366
-4.929357
-4.928348
-4.927339
-4.926330
-4.925320
-4.924311
-4.923302
-4.922293
-4.921284
-4.920274
-4.919265
-4.918256
-4.917247
-4.916238
-4.915229
-4.914219
-4.913210
-4.912201
-4.911192
-4.910183
-4.909173
-4.908164
-4.907155
-4.906146
-4.905137
-4.904128
-4.903118
-4.902109
-4.901100
-4.900091
-4.899082
-4.898072
-4.897063
-4.896054
-4.895045
-4.894036
-4.893027
-4.892017
-4.891008
-4.889999
-4.888990
-4.887981
-4.886971
-4.885962
-4.884953
-4.883944
-4.882935
-4.881926
-4.880916
-4.879907
-4.878898
-4.877889
-4.876880
-4.875870
-4.874861
-4.873852
-4.872843
-4.871834
-4.870825
-4.869815
-4.868806
-4.867797
-4.866788
-4.865779
-4.864769
-4.863760
-4.862751
-4.861742
-4.860733
-4.859723
-4.858714
-4.857705
-4.856696
-4.855687
-4.854678
-4.853668
-4.852659
-4.851650
-4.850641
-4.849632
-4.848622
-4.847613
-4.846604
-4.845595
-4.844586
-4.843577
-4.842567
-4.841558
-4.840549
-4.839540
-4.838531
-4.837521
-4.836512
-4.835503
-4.834494
-4.833485
-4.832476
-4.831466
-4.830457
-4.829448
-4.828439
-4.827430
-4.826420
-4.825411
-4.824402
-4.823393
-4.822384
-4.821375
-4.820365
-4.819356
-4.818347
-4.817338
-4.816329
-4.815319
-4.814310
-4.813301
-4.812292
-4.811283
-4.810273
-4.809264
-4.808255
-4.807246
-4.806237
-4.805228
-4.804218
-4.803209
-4.802200
-4.801191
-4.800182
-4.799172
-4.798163
-4.797154
-4.796145
-4.795136
-4.794127
-4.793117
-4.792108
-4.791099
-4.790090
-4.789081
-4.788071
-4.787062
-4.786053
-4.785044
-4.784035
-4.783026
-4.782016
-4.781007
-4.779998
-4.778989
-4.777980
-4.776970
-4.775961
-4.774952
-4.773943
-4.772934
-4.771925
-4.770915
-4.769906
-4.768897
-4.767888
-4.766879
-4.765869
-4.764860
-4.763851
-4.762842
-4.761833
-4.760823
-4.759814
-4.758805
-4.757796
-4.756787
-4.755778
-4.754768
-4.753759
-4.752750
-4.751741
-4.750732
-4.749722
-4.748713
-4.747704
-4.746695
-4.745686
-4.744677
-4.743667
-4.742658
-4.741649
-4.740640
-4.739631
-4.738621
-4.737612
-4.736603
-4.735594
-4.734585
-4.733576
-4.732566
-4.731557
-4.730548
-4.729539
-4.728530
-4.727520
-4.726511
-4.725502
-4.724493
-4.723484
-4.722475
-4.721465
-4.720456
-4.719447
-4.718438
-4.717429
-4.716419
-4.715410
-4.714401
-4.713392
-4.712383
-4.711373
-4.710364
-4.709355
-4.708346
-4.707337
-4.706328
-4.705318
-4.704309
-4.703300
-4.702291
-4.701282
-4.700272
-4.699263
-4.698254
-4.697245
-4.696236
-4.695227
-4.694217
-4.693208
-4.692199
-4.691190
-4.690181
-4.689171
-4.688162
-4.687153
-4.686144
-4.685135
-4.684126
-4.683116
-4.682107
-4.681098
-4.680089
-4.679080
-4.678070
-4.677061
-4.676052
-4.675043
-4.674034
-4.673025
-4.672015
-4.671006
-4.669997
-4.668988
-4.667979
-4.666969
-4.665960
-4.664951
-4.663942
-4.662933
-4.661924
-4.660914
-4.659905
-4.658896
-4.657887
-4.656878
-4.655868
-4.654859
-4.653850
-4.652841
-4.651832
-4.650822
-4.649813
-4.648804
-4.647795
-4.646786
-4.645777
-4.644767
-4.643758
-4.642749
-4.641740
-4.640731
-4.639721
-4.638712
-4.637703
-4.636694
-4.635685
-4.634676
-4.633666
-4.632657
-4.631648
-4.630639
-4.629630
-4.628620
-4.627611
-4.626602
-4.625593
-4.624584
-4.623575
-4.622565
-4.621556
-4.620547
-4.619538
-4.618529
-4.617519
-4.616510
-4.615501
-4.614492
-4.613483
-4.612474
-4.611464
-4.610455
-4.609446
-4.608437
-4.607428
-4.606418
-4.605409
-4.604400
-4.603391
-4.602382
-4.601372
-4.600363
-4.599354
-4.598345
-4.597336
-4.596327
-4.595317
-4.594308
-4.593299
-4.592290
-4.591281
-4.590271
-4.589262
-4.588253
-4.587244
-4.586235
-4.585226
-4.584216
-4.583207
-4.582198
-4.581189
-4.580180
-4.579170
-4.578161
-4.577152
-4.576143
-4.575134
-4.574125
-4.573115
-4.572106
-4.571097
-4.570088
-4.569079
-4.568069
-4.567060
-4.566051
-4.565042
-4.564033
-4.563024
-4.562014
-4.561005
-4.559996
-4.558987
-4.557978
-4.556968
-4.555959
-4.554950
-4.553941
-4.552932
-4.551922
-4.550913
-4.549904
-4.548895
-4.547886
-4.546877
-4.545867
-4.544858
-4.543849
-4.542840
-4.541831
-4.540821
-4.539812
-4.538803
-4.537794
-4.536785
-4.535776
-4.534766
-4.533757
-4.532748
-4.531739
-4.530730
-4.529720
-4.528711
-4.527702
-4.526693
-4.525684
-4.524675
-4.523665
-4.522656
-4.521647
-4.520638
-4.519629
-4.518619
-4.517610
-4.516601
-4.515592
-4.514583
-4.513574
-4.512564
-4.511555
-4.510546
-4.509537
-4.508528
-4.507518
-4.506509
-4.505500
-4.504491
-4.503482
-4.502472
-4.501463
-4.500454
-4.499445
-4.498436
-4.497427
-4.496417
-4.495408
-4.494399
-4.493390
-4.492381
-4.491371
-4.490362
-4.489353
-4.488344
-4.487335
-4.486326
-4.485316
-4.484307
-4.483298
-4.482289
-4.481280
-4.480270
-4.479261
-4.478252
-4.477243
-4.476234
-4.475225
-4.474215
-4.473206
-4.472197
-4.471188
-4.470179
-4.469169
-4.468160
-4.467151
-4.466142
-4.465133
-4.464124
-4.463114
-4.462105
-4.461096
-4.460087
-4.459078
-4.458068
-4.457059
-4.456050
-4.455041
-4.454032
-4.453023
-4.452013
-4.451004
-4.449995
-4.448986
-4.447977
-4.446967
-4.445958
-4.444949
-4.443940
-4.442931
-4.441921
-4.440912
-4.439903
-4.438894
-4.437885
-4.436876
-4.435866
-4.434857
-4.433848
-4.432839
-4.431830
-4.430820
-4.429811
-4.428802
-4.427793
-4.426784
-4.425775
-4.424765
-4.423756
-4.422747
-4.421738
-4.420729
-4.419719
-4.418710
-4.417701
-4.416692
-4.415683
-4.414674
-4.413664
-4.412655
-4.411646
-4.410637
-4.409628
-4.408618
-4.407609
-4.406600
-4.405591
-4.404582
-4.403573
-4.402563
-4.401554
-4.400545
-4.399536
-4.398527
-4.397517
-4.396508
-4.395499
-4.394490
-4.393481
-4.392471
-4.391462
-4.390453
-4.389444
-4.388435
-4.387426
-4.386416
-4.385407
-4.384398
-4.383389
-4.382380
-4.381370
-4.380361
-4.379352
-4.378343
-4.377334
-4.376325
-4.375315
-4.374306
-4.373297
-4.372288
-4.371279
-4.370269
-4.369260
-4.368251
-4.367242
-4.366233
-4.365224
-4.364214
-4.363205
-4.362196
-4.361187
-4.360178
-4.359168
-4.358159
-4.357150
-4.356141
-4.355132
-4.354123
-4.353113
-4.352104
-4.351095
-4.350086
-4.349077
-4.348067
-4.347058
-4.346049
-4.345040
-4.344031
-4.343021
-4.342012
-4.341003
-4.339994
-4.338985
-4.337976
-4.336966
-4.335957
-4.334948
-4.333939
-4.332930
-4.331920
-4.330911
-4.329902
-4.328893
-4.327884
-4.326875
-4.325865
-4.324856
-4.323847
-4.322838
-4.321829
-4.320819
-4.319810
-4.318801
-4.317792
-4.316783
-4.315774
-4.314764
-4.313755
-4.312746
-4.311737
-4.310728
-4.309718
-4.308709
-4.307700
-4.306691
-4.305682
-4.304673
-4.303663
-4.302654
-4.301645
-4.300636
-4.299627
-4.298617
-4.297608
-4.296599
-4.295590
-4.294581
-4.293572
-4.292562
-4.291553
-4.290544
-4.289535
-4.288526
-4.287516
-4.286507
-4.285498
-4.284489
-4.283480
-4.282470
-4.281461
-4.280452
-4.279443
-4.278434
-4.277425
-4.276415
-4.275406
-4.274397
-4.273388
-4.272379
-4.271369
-4.270360
-4.269351
-4.268342
-4.267333
-4.266324
-4.265314
-4.264305
-4.263296
-4.262287
-4.261278
-4.260268
-4.259259
-4.258250
-4.257241
-4.256232
-4.255223
-4.254213
-4.253204
-4.252195
-4.251186
-4.250177
-4.249167
-4.248158
-4.247149
-4.246140
-4.245131
-4.244122
-4.243112
-4.242103
-4.241094
-4.240085
-4.239076
-4.238066
-4.237057
-4.236048
-4.235039
-4.234030
-4.233020
-4.232011
-4.231002
-4.229993
-4.228984
-4.227975
-4.226965
-4.225956
-4.224947
-4.223938
-4.222929
-4.221919
-4.220910
-4.219901
-4.218892
-4.217883
-4.216874
-4.215864
-4.214855
-4.213846
-4.212837
-4.211828
-4.210818
-4.209809
-4.208800
-4.207791
-4.206782
-4.205773
-4.204763
-4.203754
-4.202745
-4.201736
-4.200727
-4.199717
-4.198708
-4.197699
-4.196690
-4.195681
-4.194672
-4.193662
-4.192653
-4.191644
-4.190635
-4.189626
-4.188616
-4.187607
-4.186598
-4.185589
-4.184580
-4.183570
-4.182561
-4.181552
-4.180543
-4.179534
-4.178525
-4.177515
-4.176506
-4.175497
-4.174488
-4.173479
-4.172469
-4.171460
-4.170451
-4.169442
-4.168433
-4.167424
-4.166414
-4.165405
-4.164396
-4.163387
-4.162378
-4.161368
-4.160359
-4.159350
-4.158341
-4.157332
-4.156323
-4.155313
-4.154304
-4.153295
-4.152286
-4.151277
-4.150267
-4.149258
-4.148249
-4.147240
-4.146231
-4.145222
-4.144212
-4.143203
-4.142194
-4.141185
-4.140176
-4.139166
-4.138157
-4.137148
-4.136139
-4.135130
-4.134120
-4.133111
-4.132102
-4.131093
-4.130084
-4.129075
-4.128065
-4.127056
-4.126047
-4.125038
-4.124029
-4.123019
-4.122010
-4.121001
-4.119992
-4.118983
-4.117974
-4.116964
-4.115955
-4.114946
-4.113937
-4.112928
-4.111918
-4.110909
-4.109900
-4.108891
-4.107882
-4.106873
-4.105863
-4.104854
-4.103845
-4.102836
-4.101827
-4.100817
-4.099808
-4.098799
-4.097790
-4.096781
-4.095772
-4.094762
-4.093753
-4.092744
-4.091735
-4.090726
-4.089716
-4.088707
-4.087698
-4.086689
-4.085680
-4.084671
-4.083661
-4.082652
-4.081643
-4.080634
-4.079625
-4.078615
-4.077606
-4.076597
-4.075588
-4.074579
-4.073569
-4.072560
-4.071551
-4.070542
-4.069533
-4.068524
-4.067514
-4.066505
-4.065496
-4.064487
-4.063478
-4.062468
-4.061459
-4.060450
-4.059441
-4.058432
-4.057423
-4.056413
-4.055404
-4.054395
-4.053386
-4.052377
-4.051367
-4.050358
-4.049349
-4.048340
-4.047331
-4.046322
-4.045312
-4.044303
-4.043294
-4.042285
-4.041276
-4.040266
-4.039257
-4.038248
-4.037239
-4.036230
-4.035221
-4.034211
-4.033202
-4.032193
-4.031184
-4.030175
-4.029165
-4.028156
-4.027147
-4.026138
-4.025129
-4.024119
-4.023110
-4.022101
-4.021092
-4.020083
-4.019074
-4.018064
-4.017055
-4.016046
-4.015037
-4.014028
-4.013018
-4.012009
-4.011000
-4.009991
-4.008982
-4.007973
-4.006963
-4.005954
-4.004945
-4.003936
-4.002927
-4.001917
-4.000908
-3.999899
-3.998890
-3.997881
-3.996872
-3.995862
-3.994853
-3.993844
-3.992835
-3.991826
-3.990816
-3.989807
-3.988798
-3.987789
-3.986780
-3.985771
-3.984761
-3.983752
-3.982743
-3.981734
-3.980725
-3.979715
-3.978706
-3.977697
-3.976688
-3.975679
-3.974669
-3.973660
-3.972651
-3.971642
-3.970633
-3.969624
-3.968614
-3.967605
-3.966596
-3.965587
-3.964578
-3.963568
-3.962559
-3.961550
-3.960541
-3.959532
-3.958523
-3.957513
-3.956504
-3.955495
-3.954486
-3.953477
-3.952467
-3.951458
-3.950449
-3.949440
-3.948431
-3.947422
-3.946412
-3.945403
-3.944394
-3.943385
-3.942376
-3.941366
-3.940357
-3.939348
-3.938339
-3.937330
-3.936321
-3.935311
-3.934302
-3.933293
-3.932284
-3.931275
-3.930265
-3.929256
-3.928247
-3.927238
-3.926229
-3.925219
-3.924210
-3.923201
-3.922192
-3.921183
-3.920174
-3.919164
-3.918155
-3.917146
-3.916137
-3.915128
-3.914118
-3.913109
-3.912100
-3.911091
-3.910082
-3.909073
-3.908063
-3.907054
-3.906045
-3.905036
-3.904027
-3.903017
-3.902008
-3.900999
-3.899990
-3.898981
-3.897972
-3.896962
-3.895953
-3.894944
-3.893935
-3.892926
-3.891916
-3.890907
-3.889898
-3.888889
-3.887880
-3.886871
-3.885861
-3.884852
-3.883843
-3.882834
-3.881825
-3.880815
-3.879806
-3.878797
-3.877788
-3.876779
-3.875770
-3.874760
-3.873751
-3.872742
-3.871733
-3.870724
-3.869714
-3.868705
-3.867696
-3.866687
-3.865678
-3.864668
-3.863659
-3.862650
-3.861641
-3.860632
-3.859623
-3.858613
-3.857604
-3.856595
-3.855586
-3.854577
-3.853567
-3.852558
-3.851549
-3.850540
-3.849531
-3.848522
-3.847512
-3.846503
-3.845494
-3.844485
-3.843476
-3.842466
-3.841457
-3.840448
-3.839439
-3.838430
-3.837421
-3.836411
-3.835402
-3.834393
-3.833384
-3.832375
-3.831365
-3.830356
-3.829347
-3.828338
-3.827329
-3.826320
-3.825310
-3.824301
-3.823292
-3.822283
-3.821274
-3.820264
-3.819255
-3.818246
-3.817237
-3.816228
-3.815218
-3.814209
-3.813200
-3.812191
-3.811182
-3.810173
-3.809163
-3.808154
-3.807145
-3.806136
-3.805127
-3.804117
-3.803108
-3.802099
-3.801090
-3.800081
-3.799072
-3.798062
-3.797053
-3.796044
-3.795035
-3.794026
-3.793016
-3.792007
-3.790998
-3.789989
-3.788980
-3.787971
-3.786961
-3.785952
-3.784943
-3.783934
-3.782925
-3.781915
-3.780906
-3.779897
-3.778888
-3.777879
-3.776870
-3.775860
-3.774851
-3.773842
-3.772833
-3.771824
-3.770814
-3.769805
-3.768796
-3.767787
-3.766778
-3.765768
-3.764759
-3.763750
-3.762741
-3.761732
-3.760723
-3.759713
-3.758704
-3.757695
-3.756686
-3.755677
-3.754667
-3.753658
-3.752649
-3.751640
-3.750631
-3.749622
-3.748612
-3.747603
-3.746594
-3.745585
-3.744576
-3.743566
-3.742557
-3.741548
-3.740539
-3.739530
-3.738521
-3.737511
-3.736502
-3.735493
-3.734484
-3.733475
-3.732465
-3.731456
-3.730447
-3.729438
-3.728429
-3.727420
-3.726410
-3.725401
-3.724392
-3.723383
-3.722374
-3.721364
-3.720355
-3.719346
-3.718337
-3.717328
-3.716318
-3.715309
-3.714300
-3.713291
-3.712282
-3.711273
-3.710263
-3.709254
-3.708245
-3.707236
-3.706227
-3.705217
-3.704208
-3.703199
-3.702190
-3.701181
-3.700172
-3.699162
-3.698153
-3.697144
-3.696135
-3.695126
-3.694116
-3.693107
-3.692098
-3.691089
-3.690080
-3.689071
-3.688061
-3.687052
-3.686043
-3.685034
-3.684025
-3.683015
-3.682006
-3.680997
-3.679988
-3.678979
-3.677970
-3.676960
-3.675951
-3.674942
-3.673933
-3.672924
-3.671914
-3.670905
-3.669896
-3.668887
-3.667878
-3.666869
-3.665859
-3.664850
-3.663841
-3.662832
-3.661823
-3.660813
-3.659804
-3.658795
-3.657786
-3.656777
-3.655767
-3.654758
-3.653749
-3.652740
-3.651731
-3.650722
-3.649712
-3.648703
-3.647694
-3.646685
-3.645676
-3.644666
-3.643657
-3.642648
-3.641639
-3.640630
-3.639621
-3.638611
-3.637602
-3.636593
-3.635584
-3.634575
-3.633565
-3.632556
-3.631547
-3.630538
-3.629529
-3.628520
-3.627510
-3.626501
-3.625492
-3.624483
-3.623474
-3.622464
-3.621455
-3.620446
-3.619437
-3.618428
-3.617419
-3.616409
-3.615400
-3.614391
-3.613382
-3.612373
-3.611363
-3.610354
-3.609345
-3.608336
-3.607327
-3.606317
-3.605308
-3.604299
-3.603290
-3.602281
-3.601272
-3.600262
-3.599253
-3.598244
-3.597235
-3.596226
-3.595216
-3.594207
-3.593198
-3.592189
-3.591180
-3.590171
-3.589161
-3.588152
-3.587143
-3.586134
-3.585125
-3.584115
-3.583106
-3.582097
-3.581088
-3.580079
-3.579070
-3.578060
-3.577051
-3.576042
-3.575033
-3.574024
-3.573014
-3.572005
-3.570996
-3.569987
-3.568978
-3.567969
-3.566959
-3.565950
-3.564941
-3.563932
-3.562923
-3.561913
-3.560904
-3.559895
-3.558886
-3.557877
-3.556867
-3.555858
-3.554849
-3.553840
-3.552831
-3.551822
-3.550812
-3.549803
-3.548794
-3.547785
-3.546776
-3.545766
-3.544757
-3.543748
-3.542739
-3.541730
-3.540721
-3.539711
-3.538702
-3.537693
-3.536684
-3.535675
-3.534665
-3.533656
-3.532647
-3.531638
-3.530629
-3.529620
-3.528610
-3.527601
-3.526592
-3.525583
-3.524574
-3.523564
-3.522555
-3.521546
-3.520537
-3.519528
-3.518519
-3.517509
-3.516500
-3.515491
-3.514482
-3.513473
-3.512463
-3.511454
-3.510445
-3.509436
-3.508427
-3.507417
-3.506408
-3.505399
-3.504390
-3.503381
-3.502372
-3.501362
-3.500353
-3.499344
-3.498335
-3.497326
-3.496316
-3.495307
-3.494298
-3.493289
-3.492280
-3.491271
-3.490261
-3.489252
-3.488243
-3.487234
-3.486225
-3.485215
-3.484206
-3.483197
-3.482188
-3.481179
-3.480170
-3.479160
-3.478151
-3.477142
-3.476133
-3.475124
-3.474114
-3.473105
-3.472096
-3.471087
-3.470078
-3.469069
-3.468059
-3.467050
-3.466041
-3.465032
-3.464023
-3.463013
-3.462004
-3.460995
-3.459986
-3.458977
-3.457968
-3.456958
-3.455949
-3.454940
-3.453931
-3.452922
-3.451912
-3.450903
-3.449894
-3.448885
-3.447876
-3.446866
-3.445857
-3.444848
-3.443839
-3.442830
-3.441821
-3.440811
-3.439802
-3.438793
-3.437784
-3.436775
-3.435765
-3.434756
-3.433747
-3.432738
-3.431729
-3.430720
-3.429710
-3.428701
-3.427692
-3.426683
-3.425674
-3.424664
-3.423655
-3.422646
-3.421637
-3.420628
-3.419619
-3.418609
-3.417600
-3.416591
-3.415582
-3.414573
-3.413563
-3.412554
-3.411545
-3.410536
-3.409527
-3.408518
-3.407508
-3.406499
-3.405490
-3.404481
-3.403472
-3.402462
-3.401453
-3.400444
-3.399435
-3.398426
-3.397416
-3.396407
-3.395398
-3.394389
-3.393380
-3.392371
-3.391361
-3.390352
-3.389343
-3.388334
-3.387325
-3.386315
-3.385306
-3.384297
-3.383288
-3.382279
-3.381270
-3.380260
-3.379251
-3.378242
-3.377233
-3.376224
-3.375214
-3.374205
-3.373196
-3.372187
-3.371178
-3.370169
-3.369159
-3.368150
-3.367141
-3.366132
-3.365123
-3.364113
-3.363104
-3.362095
-3.361086
-3.360077
-3.359068
-3.358058
-3.357049
-3.356040
-3.355031
-3.354022
-3.353012
-3.352003
-3.350994
-3.349985
-3.348976
-3.347966
-3.346957
-3.345948
-3.344939
-3.343930
-3.342921
-3.341911
-3.340902
-3.339893
-3.338884
-3.337875
-3.336865
-3.335856
-3.334847
-3.333838
-3.332829
-3.331820
-3.330810
-3.329801
-3.328792
-3.327783
-3.326774
-3.325764
-3.324755
-3.323746
-3.322737
-3.321728
-3.320719
-3.319709
-3.318700
-3.317691
-3.316682
-3.315673
-3.314663
-3.313654
-3.312645
-3.311636
-3.310627
-3.309618
-3.308608
-3.307599
-3.306590
-3.305581
-3.304572
-3.303562
-3.302553
-3.301544
-3.300535
-3.299526
-3.298517
-3.297507
-3.296498
-3.295489
-3.294480
-3.293471
-3.292461
-3.291452
-3.290443
-3.289434
-3.288425
-3.287415
-3.286406
-3.285397
-3.284388
-3.283379
-3.282370
-3.281360
-3.280351
-3.279342
-3.278333
-3.277324
-3.276314
-3.275305
-3.274296
-3.273287
-3.272278
-3.271269
-3.270259
-3.269250
-3.268241
-3.267232
-3.266223
-3.265213
-3.264204
-3.263195
-3.262186
-3.261177
-3.260168
-3.259158
-3.258149
-3.257140
-3.256131
-3.255122
-3.254112
-3.253103
-3.252094
-3.251085
-3.250076
-3.249067
-3.248057
-3.247048
-3.246039
-3.245030
-3.244021
-3.243011
-3.242002
-3.240993
-3.239984
-3.238975
-3.237965
-3.236956
-3.235947
-3.234938
-3.233929
-3.232920
-3.231910
-3.230901
-3.229892
-3.228883
-3.227874
-3.226864
-3.225855
-3.224846
-3.223837
-3.222828
-3.221819
-3.220809
-3.219800
-3.218791
-3.217782
-3.216773
-3.215763
-3.214754
-3.213745
-3.212736
-3.211727
-3.210718
-3.209708
-3.208699
-3.207690
-3.206681
-3.205672
-3.204662
-3.203653
-3.202644
-3.201635
-3.200626
-3.199617
-3.198607
-3.197598
-3.196589
-3.195580
-3.194571
-3.193561
-3.192552
-3.191543
-3.190534
-3.189525
-3.188515
-3.187506
-3.186497
-3.185488
-3.184479
-3.183470
-3.182460
-3.181451
-3.180442
-3.179433
-3.178424
-3.177414
-3.176405
-3.175396
-3.174387
-3.173378
-3.172369
-3.171359
-3.170350
-3.169341
-3.168332
-3.167323
-3.166313
-3.165304
-3.164295
-3.163286
-3.162277
-3.161268
-3.160258
-3.159249
-3.158240
-3.157231
-3.156222
-3.155212
-3.154203
-3.153194
-3.152185
-3.151176
-3.150167
-3.149157
-3.148148
-3.147139
-3.146130
-3.145121
-3.144111
-3.143102
-3.142093
-3.141084
-3.140075
-3.139065
-3.138056
-3.137047
-3.136038
-3.135029
-3.134020
-3.133010
-3.132001
-3.130992
-3.129983
-3.128974
-3.127964
-3.126955
-3.125946
-3.124937
-3.123928
-3.122919
-3.121909
-3.120900
-3.119891
-3.118882
-3.117873
-3.116863
-3.115854
-3.114845
-3.113836
-3.112827
-3.111818
-3.110808
-3.109799
-3.108790
-3.107781
-3.106772
-3.105762
-3.104753
-3.103744
-3.102735
-3.101726
-3.100717
-3.099707
-3.098698
-3.097689
-3.096680
-3.095671
-3.094661
-3.093652
-3.092643
-3.091634
-3.090625
-3.089616
-3.088606
-3.087597
-3.086588
-3.085579
-3.084570
-3.083560
-3.082551
-3.081542
-3.080533
-3.079524
-3.078514
-3.077505
-3.076496
-3.075487
-3.074478
-3.073469
-3.072459
-3.071450
-3.070441
-3.069432
-3.068423
-3.067413
-3.066404
-3.065395
-3.064386
-3.063377
-3.062368
-3.061358
-3.060349
-3.059340
-3.058331
-3.057322
-3.056312
-3.055303
-3.054294
-3.053285
-3.052276
-3.051267
-3.050257
-3.049248
-3.048239
-3.047230
-3.046221
-3.045211
-3.044202
-3.043193
-3.042184
-3.041175
-3.040166
-3.039156
-3.038147
-3.037138
-3.036129
-3.035120
-3.034110
-3.033101
-3.032092
-3.031083
-3.030074
-3.029064
-3.028055
-3.027046
-3.026037
-3.025028
-3.024019
-3.023009
-3.022000
-3.020991
-3.019982
-3.018973
-3.017963
-3.016954
-3.015945
-3.014936
-3.013927
-3.012918
-3.011908
-3.010899
-3.009890
-3.008881
-3.007872
-3.006862
-3.005853
-3.004844
-3.003835
-3.002826
-3.001817
-3.000807
-2.999798
-2.998789
-2.997780
-2.996771
-2.995761
-2.994752
-2.993743
-2.992734
-2.991725
-2.990716
-2.989706
-2.988697
-2.987688
-2.986679
-2.985670
-2.984660
-2.983651
-2.982642
-2.981633
-2.980624
-2.979614
-2.978605
-2.977596
-2.976587
-2.975578
-2.974569
-2.973559
-2.972550
-2.971541
-2.970532
-2.969523
-2.968513
-2.967504
-2.966495
-2.965486
-2.964477
-2.963468
-2.962458
-2.961449
-2.960440
-2.959431
-2.958422
-2.957412
-2.956403
-2.955394
-2.954385
-2.953376
-2.952367
-2.951357
-2.950348
-2.949339
-2.948330
-2.947321
-2.946311
-2.945302
-2.944293
-2.943284
-2.942275
-2.941266
-2.940256
-2.939247
-2.938238
-2.937229
-2.936220
-2.935210
-2.934201
-2.933192
-2.932183
-2.931174
-2.930164
-2.929155
-2.928146
-2.927137
-2.926128
-2.925119
-2.924109
-2.923100
-2.922091
-2.921082
-2.920073
-2.919063
-2.918054
-2.917045
-2.916036
-2.915027
-2.914018
-2.913008
-2.911999
-2.910990
-2.909981
-2.908972
-2.907962
-2.906953
-2.905944
-2.904935
-2.903926
-2.902917
-2.901907
-2.900898
-2.899889
-2.898880
-2.897871
-2.896861
-2.895852
-2.894843
-2.893834
-2.892825
-2.891816
-2.890806
-2.889797
-2.888788
-2.887779
-2.886770
-2.885760
-2.884751
-2.883742
-2.882733
-2.881724
-2.880715
-2.879705
-2.878696
-2.877687
-2.876678
-2.875669
-2.874659
-2.873650
-2.872641
-2.871632
-2.870623
-2.869613
-2.868604
-2.867595
-2.866586
-2.865577
-2.864568
-2.863558
-2.862549
-2.861540
-2.860531
-2.859522
-2.858512
-2.857503
-2.856494
-2.855485
-2.854476
-2.853467
-2.852457
-2.851448
-2.850439
-2.849430
-2.848421
-2.847411
-2.846402
-2.845393
-2.844384
-2.843375
-2.842366
-2.841356
-2.840347
-2.839338
-2.838329
-2.837320
-2.836310
-2.835301
-2.834292
-2.833283
-2.832274
-2.831265
-2.830255
-2.829246
-2.828237
-2.827228
-2.826219
-2.825209
-2.824200
-2.823191
-2.822182
-2.821173
-2.820163
-2.819154
-2.818145
-2.817136
-2.816127
-2.815118
-2.814108
-2.813099
-2.812090
-2.811081
-2.810072
-2.809062
-2.808053
-2.807044
-2.806035
-2.805026
-2.804017
-2.803007
-2.801998
-2.800989
-2.799980
-2.798971
-2.797961
-2.796952
-2.795943
-2.794934
-2.793925
-2.792916
-2.791906
-2.790897
-2.789888
-2.788879
-2.787870
-2.786860
-2.785851
-2.784842
-2.783833
-2.782824
-2.781815
-2.780805
-2.779796
-2.778787
-2.777778
-2.776769
-2.775759
-2.774750
-2.773741
-2.772732
-2.771723
-2.770713
-2.769704
-2.768695
-2.767686
-2.766677
-2.765668
-2.764658
-2.763649
-2.762640
-2.761631
-2.760622
-2.759612
-2.758603
-2.757594
-2.756585
-2.755576
-2.754567
-2.753557
-2.752548
-2.751539
-2.750530
-2.749521
-2.748511
-2.747502
-2.746493
-2.745484
-2.744475
-2.743466
-2.742456
-2.741447
-2.740438
-2.739429
-2.738420
-2.737410
-2.736401
-2.735392
-2.734383
-2.733374
-2.732365
-2.731355
-2.730346
-2.729337
-2.728328
-2.727319
-2.726309
-2.725300
-2.724291
-2.723282
-2.722273
-2.721263
-2.720254
-2.719245
-2.718236
-2.717227
-2.716218
-2.715208
-2.714199
-2.713190
-2.712181
-2.711172
-2.710162
-2.709153
-2.708144
-2.707135
-2.706126
-2.705117
-2.704107
-2.703098
-2.702089
-2.701080
-2.700071
-2.699061
-2.698052
-2.697043
-2.696034
-2.695025
-2.694016
-2.693006
-2.691997
-2.690988
-2.689979
-2.688970
-2.687960
-2.686951
-2.685942
-2.684933
-2.683924
-2.682915
-2.681905
-2.680896
-2.679887
-2.678878
-2.677869
-2.676859
-2.675850
-2.674841
-2.673832
-2.672823
-2.671814
-2.670804
-2.669795
-2.668786
-2.667777
-2.666768
-2.665758
-2.664749
-2.663740
-2.662731
-2.661722
-2.660712
-2.659703
-2.658694
-2.657685
-2.656676
-2.655667
-2.654657
-2.653648
-2.652639
-2.651630
-2.650621
-2.649611
-2.648602
-2.647593
-2.646584
-2.645575
-2.644566
-2.643556
-2.642547
-2.641538
-2.640529
-2.639520
-2.638510
-2.637501
-2.636492
-2.635483
-2.634474
-2.633465
-2.632455
-2.631446
-2.630437
-2.629428
-2.628419
-2.627409
-2.626400
-2.625391
-2.624382
-2.623373
-2.622364
-2.621354
-2.620345
-2.619336
-2.618327
-2.617318
-2.616308
-2.615299
-2.614290
-2.613281
-2.612272
-2.611262
-2.610253
-2.609244
-2.608235
-2.607226
-2.606217
-2.605207
-2.604198
-2.603189
-2.602180
-2.601171
-2.600161
-2.599152
-2.598143
-2.597134
-2.596125
-2.595116
-2.594106
-2.593097
-2.592088
-2.591079
-2.590070
-2.589060
-2.588051
-2.587042
-2.586033
-2.585024
-2.584015
-2.583005
-2.581996
-2.580987
-2.579978
-2.578969
-2.577959
-2.576950
-2.575941
-2.574932
-2.573923
-2.572914
-2.571904
-2.570895
-2.569886
-2.568877
-2.567868
-2.566858
-2.565849
-2.564840
-2.563831
-2.562822
-2.561812
-2.560803
-2.559794
-2.558785
-2.557776
-2.556767
-2.555757
-2.554748
-2.553739
-2.552730
-2.551721
-2.550711
-2.549702
-2.548693
-2.547684
-2.546675
-2.545666
-2.544656
-2.543647
-2.542638
-2.541629
-2.540620
-2.539610
-2.538601
-2.537592
-2.536583
-2.535574
-2.534565
-2.533555
-2.532546
-2.531537
-2.530528
-2.529519
-2.528509
-2.527500
-2.526491
-2.525482
-2.524473
-2.523464
-2.522454
-2.521445
-2.520436
-2.519427
-2.518418
-2.517408
-2.516399
-2.515390
-2.514381
-2.513372
-2.512362
-2.511353
-2.510344
-2.509335
-2.508326
-2.507317
-2.506307
-2.505298
-2.504289
-2.503280
-2.502271
-2.501261
-2.500252
-2.499243
-2.498234
-2.497225
-2.496216
-2.495206
-2.494197
-2.493188
-2.492179
-2.491170
-2.490160
-2.489151
-2.488142
-2.487133
-2.486124
-2.485115
-2.484105
-2.483096
-2.482087
-2.481078
-2.480069
-2.479059
-2.478050
-2.477041
-2.476032
-2.475023
-2.474014
-2.473004
-2.471995
-2.470986
-2.469977
-2.468968
-2.467958
-2.466949
-2.465940
-2.464931
-2.463922
-2.462913
-2.461903
-2.460894
-2.459885
-2.458876
-2.457867
-2.456857
-2.455848
-2.454839
-2.453830
-2.452821
-2.451811
-2.450802
-2.449793
-2.448784
-2.447775
-2.446766
-2.445756
-2.444747
-2.443738
-2.442729
-2.441720
-2.440710
-2.439701
-2.438692
-2.437683
-2.436674
-2.435665
-2.434655
-2.433646
-2.432637
-2.431628
-2.430619
-2.429609
-2.428600
-2.427591
-2.426582
-2.425573
-2.424564
-2.423554
-2.422545
-2.421536
-2.420527
-2.419518
-2.418508
-2.417499
-2.416490
-2.415481
-2.414472
-2.413463
-2.412453
-2.411444
-2.410435
-2.409426
-2.408417
-2.407407
-2.406398
-2.405389
-2.404380
-2.403371
-2.402361
-2.401352
-2.400343
-2.399334
-2.398325
-2.397316
-2.396306
-2.395297
-2.394288
-2.393279
-2.392270
-2.391260
-2.390251
-2.389242
-2.388233
-2.387224
-2.386215
-2.385205
-2.384196
-2.383187
-2.382178
-2.381169
-2.380159
-2.379150
-2.378141
-2.377132
-2.376123
-2.375114
-2.374104
-2.373095
-2.372086
-2.371077
-2.370068
-2.369058
-2.368049
-2.367040
-2.366031
-2.365022
-2.364013
-2.363003
-2.361994
-2.360985
-2.359976
-2.358967
-2.357957
-2.356948
-2.355939
-2.354930
-2.353921
-2.352911
-2.351902
-2.350893
-2.349884
-2.348875
-2.347866
-2.346856
-2.345847
-2.344838
-2.343829
-2.342820
-2.341810
-2.340801
-2.339792
-2.338783
-2.337774
-2.336765
-2.335755
-2.334746
-2.333737
-2.332728
-2.331719
-2.330709
-2.329700
-2.328691
-2.327682
-2.326673
-2.325664
-2.324654
-2.323645
-2.322636
-2.321627
-2.320618
-2.319608
-2.318599
-2.317590
-2.316581
-2.315572
-2.314563
-2.313553
-2.312544
-2.311535
-2.310526
-2.309517
-2.308507
-2.307498
-2.306489
-2.305480
-2.304471
-2.303461
-2.302452
-2.301443
-2.300434
-2.299425
-2.298416
-2.297406
-2.296397
-2.295388
-2.294379
-2.293370
-2.292360
-2.291351
-2.290342
-2.289333
-2.288324
-2.287315
-2.286305
-2.285296
-2.284287
-2.283278
-2.282269
-2.281259
-2.280250
-2.279241
-2.278232
-2.277223
-2.276214
-2.275204
-2.274195
-2.273186
-2.272177
-2.271168
-2.270158
-2.269149
-2.268140
-2.267131
-2.266122
-2.265113
-2.264103
-2.263094
-2.262085
-2.261076
-2.260067
-2.259057
-2.258048
-2.257039
-2.256030
-2.255021
-2.254012
-2.253002
-2.251993
-2.250984
-2.249975
-2.248966
-2.247956
-2.246947
-2.245938
-2.244929
-2.243920
-2.242910
-2.241901
-2.240892
-2.239883
-2.238874
-2.237865
-2.236855
-2.235846
-2.234837
-2.233828
-2.232819
-2.231809
-2.230800
-2.229791
-2.228782
-2.227773
-2.226764
-2.225754
-2.224745
-2.223736
-2.222727
-2.221718
-2.220708
-2.219699
-2.218690
-2.217681
-2.216672
-2.215663
-2.214653
-2.213644
-2.212635
-2.211626
-2.210617
-2.209607
-2.208598
-2.207589
-2.206580
-2.205571
-2.204562
-2.203552
-2.202543
-2.201534
-2.200525
-2.199516
-2.198506
-2.197497
-2.196488
-2.195479
-2.194470
-2.193460
-2.192451
-2.191442
-2.190433
-2.189424
-2.188415
-2.187405
-2.186396
-2.185387
-2.184378
-2.183369
-2.182359
-2.181350
-2.180341
-2.179332
-2.178323
-2.177314
-2.176304
-2.175295
-2.174286
-2.173277
-2.172268
-2.171258
-2.170249
-2.169240
-2.168231
-2.167222
-2.166213
-2.165203
-2.164194
-2.163185
-2.162176
-2.161167
-2.160157
-2.159148
-2.158139
-2.157130
-2.156121
-2.155112
-2.154102
-2.153093
-2.152084
-2.151075
-2.150066
-2.149056
-2.148047
-2.147038
-2.146029
-2.145020
-2.144010
-2.143001
-2.141992
-2.140983
-2.139974
-2.138965
-2.137955
-2.136946
-2.135937
-2.134928
-2.133919
-2.132909
-2.131900
-2.130891
-2.129882
-2.128873
-2.127864
-2.126854
-2.125845
-2.124836
-2.123827
-2.122818
-2.121808
-2.120799
-2.119790
-2.118781
-2.117772
-2.116763
-2.115753
-2.114744
-2.113735
-2.112726
-2.111717
-2.110707
-2.109698
-2.108689
-2.107680
-2.106671
-2.105662
-2.104652
-2.103643
-2.102634
-2.101625
-2.100616
-2.099606
-2.098597
-2.097588
-2.096579
-2.095570
-2.094561
-2.093551
-2.092542
-2.091533
-2.090524
-2.089515
-2.088505
-2.087496
-2.086487
-2.085478
-2.084469
-2.083459
-2.082450
-2.081441
-2.080432
-2.079423
-2.078414
-2.077404
-2.076395
-2.075386
-2.074377
-2.073368
-2.072358
-2.071349
-2.070340
-2.069331
-2.068322
-2.067313
-2.066303
-2.065294
-2.064285
-2.063276
-2.062267
-2.061257
-2.060248
-2.059239
-2.058230
-2.057221
-2.056212
-2.055202
-2.054193
-2.053184
-2.052175
-2.051166
-2.050156
-2.049147
-2.048138
-2.047129
-2.046120
-2.045111
-2.044101
-2.043092
-2.042083
-2.041074
-2.040065
-2.039055
-2.038046
-2.037037
-2.036028
-2.035019
-2.034009
-2.033000
-2.031991
-2.030982
-2.029973
-2.028964
-2.027954
-2.026945
-2.025936
-2.024927
-2.023918
-2.022908
-2.021899
-2.020890
-2.019881
-2.018872
-2.017863
-2.016853
-2.015844
-2.014835
-2.013826
-2.012817
-2.011807
-2.010798
-2.009789
-2.008780
-2.007771
-2.006762
-2.005752
-2.004743
-2.003734
-2.002725
-2.001716
-2.000706
-1.999697
-1.998688
-1.997679
-1.996670
-1.995661
-1.994651
-1.993642
-1.992633
-1.991624
-1.990615
-1.989605
-1.988596
-1.987587
-1.986578
-1.985569
-1.984559
-1.983550
-1.982541
-1.981532
-1.980523
-1.979514
-1.978504
-1.977495
-1.976486
-1.975477
-1.974468
-1.973458
-1.972449
-1.971440
-1.970431
-1.969422
-1.968413
-1.967403
-1.966394
-1.965385
-1.964376
-1.963367
-1.962357
-1.961348
-1.960339
-1.959330
-1.958321
-1.957312
-1.956302
-1.955293
-1.954284
-1.953275
-1.952266
-1.951256
-1.950247
-1.949238
-1.948229
-1.947220
-1.946211
-1.945201
-1.944192
-1.943183
-1.942174
-1.941165
-1.940155
-1.939146
-1.938137
-1.937128
-1.936119
-1.935109
-1.934100
-1.933091
-1.932082
-1.931073
-1.930064
-1.929054
-1.928045
-1.927036
-1.926027
-1.925018
-1.924008
-1.922999
-1.921990
-1.920981
-1.919972
-1.918963
-1.917953
-1.916944
-1.915935
-1.914926
-1.913917
-1.912907
-1.911898
-1.910889
-1.909880
-1.908871
-1.907862
-1.906852
-1.905843
-1.904834
-1.903825
-1.902816
-1.901806
-1.900797
-1.899788
-1.898779
-1.897770
-1.896761
-1.895751
-1.894742
-1.893733
-1.892724
-1.891715
-1.890705
-1.889696
-1.888687
-1.887678
-1.886669
-1.885660
-1.884650
-1.883641
-1.882632
-1.881623
-1.880614
-1.879604
-1.878595
-1.877586
-1.876577
-1.875568
-1.874558
-1.873549
-1.872540
-1.871531
-1.870522
-1.869513
-1.868503
-1.867494
-1.866485
-1.865476
-1.864467
-1.863457
-1.862448
-1.861439
-1.860430
-1.859421
-1.858412
-1.857402
-1.856393
-1.855384
-1.854375
-1.853366
-1.852356
-1.851347
-1.850338
-1.849329
-1.848320
-1.847311
-1.846301
-1.845292
-1.844283
-1.843274
-1.842265
-1.841255
-1.840246
-1.839237
-1.838228
-1.837219
-1.836210
-1.835200
-1.834191
-1.833182
-1.832173
-1.831164
-1.830154
-1.829145
-1.828136
-1.827127
-1.826118
-1.825108
-1.824099
-1.823090
-1.822081
-1.821072
-1.820063
-1.819053
-1.818044
-1.817035
-1.816026
-1.815017
-1.814007
-1.812998
-1.811989
-1.810980
-1.809971
-1.808962
-1.807952
-1.806943
-1.805934
-1.804925
-1.803916
-1.802906
-1.801897
-1.800888
-1.799879
-1.798870
-1.797861
-1.796851
-1.795842
-1.794833
-1.793824
-1.792815
-1.791805
-1.790796
-1.789787
-1.788778
-1.787769
-1.786760
-1.785750
-1.784741
-1.783732
-1.782723
-1.781714
-1.780704
-1.779695
-1.778686
-1.777677
-1.776668
-1.775658
-1.774649
-1.773640
-1.772631
-1.771622
-1.770613
-1.769603
-1.768594
-1.767585
-1.766576
-1.765567
-1.764557
-1.763548
-1.762539
-1.761530
-1.760521
-1.759512
-1.758502
-1.757493
-1.756484
-1.755475
-1.754466
-1.753456
-1.752447
-1.751438
-1.750429
-1.749420
-1.748411
-1.747401
-1.746392
-1.745383
-1.744374
-1.743365
-1.742355
-1.741346
-1.740337
-1.739328
-1.738319
-1.737310
-1.736300
-1.735291
-1.734282
-1.733273
-1.732264
-1.731254
-1.730245
-1.729236
-1.728227
-1.727218
-1.726208
-1.725199
-1.724190
-1.723181
-1.722172
-1.721163
-1.720153
-1.719144
-1.718135
-1.717126
-1.716117
-1.715107
-1.714098
-1.713089
-1.712080
-1.711071
-1.710062
-1.709052
-1.708043
-1.707034
-1.706025
-1.705016
-1.704006
-1.702997
-1.701988
-1.700979
-1.699970
-1.698961
-1.697951
-1.696942
-1.695933
-1.694924
-1.693915
-1.692905
-1.691896
-1.690887
-1.689878
-1.688869
-1.687860
-1.686850
-1.685841
-1.684832
-1.683823
-1.682814
-1.681804
-1.680795
-1.679786
-1.678777
-1.677768
-1.676759
-1.675749
-1.674740
-1.673731
-1.672722
-1.671713
-1.670703
-1.669694
-1.668685
-1.667676
-1.666667
-1.665657
-1.664648
-1.663639
-1.662630
-1.661621
-1.660612
-1.659602
-1.658593
-1.657584
-1.656575
-1.655566
-1.654556
-1.653547
-1.652538
-1.651529
-1.650520
-1.649511
-1.648501
-1.647492
-1.646483
-1.645474
-1.644465
-1.643455
-1.642446
-1.641437
-1.640428
-1.639419
-1.638410
-1.637400
-1.636391
-1.635382
-1.634373
-1.633364
-1.632354
-1.631345
-1.630336
-1.629327
-1.628318
-1.627309
-1.626299
-1.625290
-1.624281
-1.623272
-1.622263
-1.621253
-1.620244
-1.619235
-1.618226
-1.617217
-1.616207
-1.615198
-1.614189
-1.613180
-1.612171
-1.611162
-1.610152
-1.609143
-1.608134
-1.607125
-1.606116
-1.605106
-1.604097
-1.603088
-1.602079
-1.601070
-1.600061
-1.599051
-1.598042
-1.597033
-1.596024
-1.595015
-1.594005
-1.592996
-1.591987
-1.590978
-1.589969
-1.588960
-1.587950
-1.586941
-1.585932
-1.584923
-1.583914
-1.582904
-1.581895
-1.580886
-1.579877
-1.578868
-1.577859
-1.576849
-1.575840
-1.574831
-1.573822
-1.572813
-1.571803
-1.570794
-1.569785
-1.568776
-1.567767
-1.566757
-1.565748
-1.564739
-1.563730
-1.562721
-1.561712
-1.560702
-1.559693
-1.558684
-1.557675
-1.556666
-1.555656
-1.554647
-1.553638
-1.552629
-1.551620
-1.550611
-1.549601
-1.548592
-1.547583
-1.546574
-1.545565
-1.544555
-1.543546
-1.542537
-1.541528
-1.540519
-1.539510
-1.538500
-1.537491
-1.536482
-1.535473
-1.534464
-1.533454
-1.532445
-1.531436
-1.530427
-1.529418
-1.528409
-1.527399
-1.526390
-1.525381
-1.524372
-1.523363
-1.522353
-1.521344
-1.520335
-1.519326
-1.518317
-1.517307
-1.516298
-1.515289
-1.514280
-1.513271
-1.512262
-1.511252
-1.510243
-1.509234
-1.508225
-1.507216
-1.506206
-1.505197
-1.504188
-1.503179
-1.502170
-1.501161
-1.500151
-1.499142
-1.498133
-1.497124
-1.496115
-1.495105
-1.494096
-1.493087
-1.492078
-1.491069
-1.490060
-1.489050
-1.488041
-1.487032
-1.486023
-1.485014
-1.484004
-1.482995
-1.481986
-1.480977
-1.479968
-1.478959
-1.477949
-1.476940
-1.475931
-1.474922
-1.473913
-1.472903
-1.471894
-1.470885
-1.469876
-1.468867
-1.467858
-1.466848
-1.465839
-1.464830
-1.463821
-1.462812
-1.461802
-1.460793
-1.459784
-1.458775
-1.457766
-1.456756
-1.455747
-1.454738
-1.453729
-1.452720
-1.451711
-1.450701
-1.449692
-1.448683
-1.447674
-1.446665
-1.445655
-1.444646
-1.443637
-1.442628
-1.441619
-1.440610
-1.439600
-1.438591
-1.437582
-1.436573
-1.435564
-1.434554
-1.433545
-1.432536
-1.431527
-1.430518
-1.429509
-1.428499
-1.427490
-1.426481
-1.425472
-1.424463
-1.423453
-1.422444
-1.421435
-1.420426
-1.419417
-1.418408
-1.417398
-1.416389
-1.415380
-1.414371
-1.413362
-1.412352
-1.411343
-1.410334
-1.409325
-1.408316
-1.407306
-1.406297
-1.405288
-1.404279
-1.403270
-1.402261
-1.401251
-1.400242
-1.399233
-1.398224
-1.397215
-1.396205
-1.395196
-1.394187
-1.393178
-1.392169
-1.391160
-1.390150
-1.389141
-1.388132
-1.387123
-1.386114
-1.385104
-1.384095
-1.383086
-1.382077
-1.381068
-1.380059
-1.379049
-1.378040
-1.377031
-1.376022
-1.375013
-1.374003
-1.372994
-1.371985
-1.370976
-1.369967
-1.368958
-1.367948
-1.366939
-1.365930
-1.364921
-1.363912
-1.362902
-1.361893
-1.360884
-1.359875
-1.358866
-1.357856
-1.356847
-1.355838
-1.354829
-1.353820
-1.352811
-1.351801
-1.350792
-1.349783
-1.348774
-1.347765
-1.346755
-1.345746
-1.344737
-1.343728
-1.342719
-1.341710
-1.340700
-1.339691
-1.338682
-1.337673
-1.336664
-1.335654
-1.334645
-1.333636
-1.332627
-1.331618
-1.330609
-1.329599
-1.328590
-1.327581
-1.326572
-1.325563
-1.324553
-1.323544
-1.322535
-1.321526
-1.320517
-1.319508
-1.318498
-1.317489
-1.316480
-1.315471
-1.314462
-1.313452
-1.312443
-1.311434
-1.310425
-1.309416
-1.308406
-1.307397
-1.306388
-1.305379
-1.304370
-1.303361
-1.302351
-1.301342
-1.300333
-1.299324
-1.298315
-1.297305
-1.296296
-1.295287
-1.294278
-1.293269
-1.292260
-1.291250
-1.290241
-1.289232
-1.288223
-1.287214
-1.286204
-1.285195
-1.284186
-1.283177
-1.282168
-1.281159
-1.280149
-1.279140
-1.278131
-1.277122
-1.276113
-1.275103
-1.274094
-1.273085
-1.272076
-1.271067
-1.270058
-1.269048
-1.268039
-1.267030
-1.266021
-1.265012
-1.264002
-1.262993
-1.261984
-1.260975
-1.259966
-1.258957
-1.257947
-1.256938
-1.255929
-1.254920
-1.253911
-1.252901
-1.251892
-1.250883
-1.249874
-1.248865
-1.247855
-1.246846
-1.245837
-1.244828
-1.243819
-1.242810
-1.241800
-1.240791
-1.239782
-1.238773
-1.237764
-1.236754
-1.235745
-1.234736
-1.233727
-1.232718
-1.231709
-1.230699
-1.229690
-1.228681
-1.227672
-1.226663
-1.225653
-1.224644
-1.223635
-1.222626
-1.221617
-1.220608
-1.219598
-1.218589
-1.217580
-1.216571
-1.215562
-1.214552
-1.213543
-1.212534
-1.211525
-1.210516
-1.209507
-1.208497
-1.207488
-1.206479
-1.205470
-1.204461
-1.203451
-1.202442
-1.201433
-1.200424
-1.199415
-1.198405
-1.197396
-1.196387
-1.195378
-1.194369
-1.193360
-1.192350
-1.191341
-1.190332
-1.189323
-1.188314
-1.187304
-1.186295
-1.185286
-1.184277
-1.183268
-1.182259
-1.181249
-1.180240
-1.179231
-1.178222
-1.177213
-1.176203
-1.175194
-1.174185
-1.173176
-1.172167
-1.171158
-1.170148
-1.169139
-1.168130
-1.167121
-1.166112
-1.165102
-1.164093
-1.163084
-1.162075
-1.161066
-1.160057
-1.159047
-1.158038
-1.157029
-1.156020
-1.155011
-1.154001
-1.152992
-1.151983
-1.150974
-1.149965
-1.148955
-1.147946
-1.146937
-1.145928
-1.144919
-1.143910
-1.142900
-1.141891
-1.140882
-1.139873
-1.138864
-1.137854
-1.136845
-1.135836
-1.134827
-1.133818
-1.132809
-1.131799
-1.130790
-1.129781
-1.128772
-1.127763
-1.126753
-1.125744
-1.124735
-1.123726
-1.122717
-1.121708
-1.120698
-1.119689
-1.118680
-1.117671
-1.116662
-1.115652
-1.114643
-1.113634
-1.112625
-1.111616
-1.110607
-1.109597
-1.108588
-1.107579
-1.106570
-1.105561
-1.104551
-1.103542
-1.102533
-1.101524
-1.100515
-1.099506
-1.098496
-1.097487
-1.096478
-1.095469
-1.094460
-1.093450
-1.092441
-1.091432
-1.090423
-1.089414
-1.088404
-1.087395
-1.086386
-1.085377
-1.084368
-1.083359
-1.082349
-1.081340
-1.080331
-1.079322
-1.078313
-1.077303
-1.076294
-1.075285
-1.074276
-1.073267
-1.072258
-1.071248
-1.070239
-1.069230
-1.068221
-1.067212
-1.066202
-1.065193
-1.064184
-1.063175
-1.062166
-1.061157
-1.060147
-1.059138
-1.058129
-1.057120
-1.056111
-1.055101
-1.054092
-1.053083
-1.052074
-1.051065
-1.050056
-1.049046
-1.048037
-1.047028
-1.046019
-1.045010
-1.044000
-1.042991
-1.041982
-1.040973
-1.039964
-1.038954
-1.037945
-1.036936
-1.035927
-1.034918
-1.033909
-1.032899
-1.031890
-1.030881
-1.029872
-1.028863
-1.027853
-1.026844
-1.025835
-1.024826
-1.023817
-1.022808
-1.021798
-1.020789
-1.019780
-1.018771
-1.017762
-1.016752
-1.015743
-1.014734
-1.013725
-1.012716
-1.011707
-1.010697
-1.009688
-1.008679
-1.007670
-1.006661
-1.005651
-1.004642
-1.003633
-1.002624
-1.001615
-1.000606
-0.999596
-0.998587
-0.997578
-0.996569
-0.995560
-0.994550
-0.993541
-0.992532
-0.991523
-0.990514
-0.989504
-0.988495
-0.987486
-0.986477
-0.985468
-0.984459
-0.983449
-0.982440
-0.981431
-0.980422
-0.979413
-0.978403
-0.977394
-0.976385
-0.975376
-0.974367
-0.973358
-0.972348
-0.971339
-0.970330
-0.969321
-0.968312
-0.967302
-0.966293
-0.965284
-0.964275
-0.963266
-0.962257
-0.961247
-0.960238
-0.959229
-0.958220
-0.957211
-0.956201
-0.955192
-0.954183
-0.953174
-0.952165
-0.951156
-0.950146
-0.949137
-0.948128
-0.947119
-0.946110
-0.945100
-0.944091
-0.943082
-0.942073
-0.941064
-0.940054
-0.939045
-0.938036
-0.937027
-0.936018
-0.935009
-0.933999
-0.932990
-0.931981
-0.930972
-0.929963
-0.928953
-0.927944
-0.926935
-0.925926
-0.924917
-0.923908
-0.922898
-0.921889
-0.920880
-0.919871
-0.918862
-0.917852
-0.916843
-0.915834
-0.914825
-0.913816
-0.912807
-0.911797
-0.910788
-0.909779
-0.908770
-0.907761
-0.906751
-0.905742
-0.904733
-0.903724
-0.902715
-0.901706
-0.900696
-0.899687
-0.898678
-0.897669
-0.896660
-0.895650
-0.894641
-0.893632
-0.892623
-0.891614
-0.890605
-0.889595
-0.888586
-0.887577
-0.886568
-0.885559
-0.884549
-0.883540
-0.882531
-0.881522
-0.880513
-0.879503
-0.878494
-0.877485
-0.876476
-0.875467
-0.874458
-0.873448
-0.872439
-0.871430
-0.870421
-0.869412
-0.868402
-0.867393
-0.866384
-0.865375
-0.864366
-0.863357
-0.862347
-0.861338
-0.860329
-0.859320
-0.858311
-0.857301
-0.856292
-0.855283
-0.854274
-0.853265
-0.852256
-0.851246
-0.850237
-0.849228
-0.848219
-0.847210
-0.846200
-0.845191
-0.844182
-0.843173
-0.842164
-0.841155
-0.840145
-0.839136
-0.838127
-0.837118
-0.836109
-0.835099
-0.834090
-0.833081
-0.832072
-0.831063
-0.830053
-0.829044
-0.828035
-0.827026
-0.826017
-0.825008
-0.823998
-0.822989
-0.821980
-0.820971
-0.819962
-0.818952
-0.817943
-0.816934
-0.815925
-0.814916
-0.813907
-0.812897
-0.811888
-0.810879
-0.809870
-0.808861
-0.807851
-0.806842
-0.805833
-0.804824
-0.803815
-0.802806
-0.801796
-0.800787
-0.799778
-0.798769
-0.797760
-0.796750
-0.795741
-0.794732
-0.793723
-0.792714
-0.791705
-0.790695
-0.789686
-0.788677
-0.787668
-0.786659
-0.785649
-0.784640
-0.783631
-0.782622
-0.781613
-0.780603
-0.779594
-0.778585
-0.777576
-0.776567
-0.775558
-0.774548
-0.773539
-0.772530
-0.771521
-0.770512
-0.769502
-0.768493
-0.767484
-0.766475
-0.765466
-0.764457
-0.763447
-0.762438
-0.761429
-0.760420
-0.759411
-0.758401
-0.757392
-0.756383
-0.755374
-0.754365
-0.753356
-0.752346
-0.751337
-0.750328
-0.749319
-0.748310
-0.747300
-0.746291
-0.745282
-0.744273
-0.743264
-0.742255
-0.741245
-0.740236
-0.739227
-0.738218
-0.737209
-0.736199
-0.735190
-0.734181
-0.733172
-0.732163
-0.731153
-0.730144
-0.729135
-0.728126
-0.727117
-0.726108
-0.725098
-0.724089
-0.723080
-0.722071
-0.721062
-0.720052
-0.719043
-0.718034
-0.717025
-0.716016
-0.715007
-0.713997
-0.712988
-0.711979
-0.710970
-0.709961
-0.708951
-0.707942
-0.706933
-0.705924
-0.704915
-0.703906
-0.702896
-0.701887
-0.700878
-0.699869
-0.698860
-0.697850
-0.696841
-0.695832
-0.694823
-0.693814
-0.692805
-0.691795
-0.690786
-0.689777
-0.688768
-0.687759
-0.686749
-0.685740
-0.684731
-0.683722
-0.682713
-0.681704
-0.680694
-0.679685
-0.678676
-0.677667
-0.676658
-0.675648
-0.674639
-0.673630
-0.672621
-0.671612
-0.670602
-0.669593
-0.668584
-0.667575
-0.666566
-0.665557
-0.664547
-0.663538
-0.662529
-0.661520
-0.660511
-0.659501
-0.658492
-0.657483
-0.656474
-0.655465
-0.654456
-0.653446
-0.652437
-0.651428
-0.650419
-0.649410
-0.648400
-0.647391
-0.646382
-0.645373
-0.644364
-0.643355
-0.642345
-0.641336
-0.640327
-0.639318
-0.638309
-0.637299
-0.636290
-0.635281
-0.634272
-0.633263
-0.632254
-0.631244
-0.630235
-0.629226
-0.628217
-0.627208
-0.626198
-0.625189
-0.624180
-0.623171
-0.622162
-0.621152
-0.620143
-0.619134
-0.618125
-0.617116
-0.616107
-0.615097
-0.614088
-0.613079
-0.612070
-0.611061
-0.610051
-0.609042
-0.608033
-0.607024
-0.606015
-0.605006
-0.603996
-0.602987
-0.601978
-0.600969
-0.599960
-0.598950
-0.597941
-0.596932
-0.595923
-0.594914
-0.593905
-0.592895
-0.591886
-0.590877
-0.589868
-0.588859
-0.587849
-0.586840
-0.585831
-0.584822
-0.583813
-0.582804
-0.581794
-0.580785
-0.579776
-0.578767
-0.577758
-0.576748
-0.575739
-0.574730
-0.573721
-0.572712
-0.571702
-0.570693
-0.569684
-0.568675
-0.567666
-0.566657
-0.565647
-0.564638
-0.563629
-0.562620
-0.561611
-0.560601
-0.559592
-0.558583
-0.557574
-0.556565
-0.555556
-0.554546
-0.553537
-0.552528
-0.551519
-0.550510
-0.549500
-0.548491
-0.547482
-0.546473
-0.545464
-0.544455
-0.543445
-0.542436
-0.541427
-0.540418
-0.539409
-0.538399
-0.537390
-0.536381
-0.535372
-0.534363
-0.533354
-0.532344
-0.531335
-0.530326
-0.529317
-0.528308
-0.527298
-0.526289
-0.525280
-0.524271
-0.523262
-0.522252
-0.521243
-0.520234
-0.519225
-0.518216
-0.517207
-0.516197
-0.515188
-0.514179
-0.513170
-0.512161
-0.511151
-0.510142
-0.509133
-0.508124
-0.507115
-0.506106
-0.505096
-0.504087
-0.503078
-0.502069
-0.501060
-0.500050
-0.499041
-0.498032
-0.497023
-0.496014
-0.495005
-0.493995
-0.492986
-0.491977
-0.490968
-0.489959
-0.488949
-0.487940
-0.486931
-0.485922
-0.484913
-0.483904
-0.482894
-0.481885
-0.480876
-0.479867
-0.478858
-0.477848
-0.476839
-0.475830
-0.474821
-0.473812
-0.472803
-0.471793
-0.470784
-0.469775
-0.468766
-0.467757
-0.466747
-0.465738
-0.464729
-0.463720
-0.462711
-0.461701
-0.460692
-0.459683
-0.458674
-0.457665
-0.456656
-0.455646
-0.454637
-0.453628
-0.452619
-0.451610
-0.450600
-0.449591
-0.448582
-0.447573
-0.446564
-0.445555
-0.444545
-0.443536
-0.442527
-0.441518
-0.440509
-0.439499
-0.438490
-0.437481
-0.436472
-0.435463
-0.434454
-0.433444
-0.432435
-0.431426
-0.430417
-0.429408
-0.428398
-0.427389
-0.426380
-0.425371
-0.424362
-0.423353
-0.422343
-0.421334
-0.420325
-0.419316
-0.418307
-0.417297
-0.416288
-0.415279
-0.414270
-0.413261
-0.412251
-0.411242
-0.410233
-0.409224
-0.408215
-0.407206
-0.406196
-0.405187
-0.404178
-0.403169
-0.402160
-0.401150
-0.400141
-0.399132
-0.398123
-0.397114
-0.396105
-0.395095
-0.394086
-0.393077
-0.392068
-0.391059
-0.390049
-0.389040
-0.388031
-0.387022
-0.386013
-0.385004
-0.383994
-0.382985
-0.381976
-0.380967
-0.379958
-0.378948
-0.377939
-0.376930
-0.375921
-0.374912
-0.373903
-0.372893
-0.371884
-0.370875
-0.369866
-0.368857
-0.367847
-0.366838
-0.365829
-0.364820
-0.363811
-0.362801
-0.361792
-0.360783
-0.359774
-0.358765
-0.357756
-0.356746
-0.355737
-0.354728
-0.353719
-0.352710
-0.351700
-0.350691
-0.349682
-0.348673
-0.347664
-0.346655
-0.345645
-0.344636
-0.343627
-0.342618
-0.341609
-0.340599
-0.339590
-0.338581
-0.337572
-0.336563
-0.335554
-0.334544
-0.333535
-0.332526
-0.331517
-0.330508
-0.329498
-0.328489
-0.327480
-0.326471
-0.325462
-0.324453
-0.323443
-0.322434
-0.321425
-0.320416
-0.319407
-0.318397
-0.317388
-0.316379
-0.315370
-0.314361
-0.313351
-0.312342
-0.311333
-0.310324
-0.309315
-0.308306
-0.307296
-0.306287
-0.305278
-0.304269
-0.303260
-0.302250
-0.301241
-0.300232
-0.299223
-0.298214
-0.297205
-0.296195
-0.295186
-0.294177
-0.293168
-0.292159
-0.291149
-0.290140
-0.289131
-0.288122
-0.287113
-0.286104
-0.285094
-0.284085
-0.283076
-0.282067
-0.281058
-0.280048
-0.279039
-0.278030
-0.277021
-0.276012
-0.275003
-0.273993
-0.272984
-0.271975
-0.270966
-0.269957
-0.268947
-0.267938
-0.266929
-0.265920
-0.264911
-0.263902
-0.262892
-0.261883
-0.260874
-0.259865
-0.258856
-0.257846
-0.256837
-0.255828
-0.254819
-0.253810
-0.252800
-0.251791
-0.250782
-0.249773
-0.248764
-0.247755
-0.246745
-0.245736
-0.244727
-0.243718
-0.242709
-0.241699
-0.240690
-0.239681
-0.238672
-0.237663
-0.236654
-0.235644
-0.234635
-0.233626
-0.232617
-0.231608
-0.230598
-0.229589
-0.228580
-0.227571
-0.226562
-0.225553
-0.224543
-0.223534
-0.222525
-0.221516
-0.220507
-0.219497
-0.218488
-0.217479
-0.216470
-0.215461
-0.214452
-0.213442
-0.212433
-0.211424
-0.210415
-0.209406
-0.208396
-0.207387
-0.206378
-0.205369
-0.204360
-0.203350
-0.202341
-0.201332
-0.200323
-0.199314
-0.198305
-0.197295
-0.196286
-0.195277
-0.194268
-0.193259
-0.192249
-0.191240
-0.190231
-0.189222
-0.188213
-0.187204
-0.186194
-0.185185
-0.184176
-0.183167
-0.182158
-0.181148
-0.180139
-0.179130
-0.178121
-0.177112
-0.176103
-0.175093
-0.174084
-0.173075
-0.172066
-0.171057
-0.170047
-0.169038
-0.168029
-0.167020
-0.166011
-0.165002
-0.163992
-0.162983
-0.161974
-0.160965
-0.159956
-0.158946
-0.157937
-0.156928
-0.155919
-0.154910
-0.153900
-0.152891
-0.151882
-0.150873
-0.149864
-0.148855
-0.147845
-0.146836
-0.145827
-0.144818
-0.143809
-0.142799
-0.141790
-0.140781
-0.139772
-0.138763
-0.137754
-0.136744
-0.135735
-0.134726
-0.133717
-0.132708
-0.131698
-0.130689
-0.129680
-0.128671
-0.127662
-0.126653
-0.125643
-0.124634
-0.123625
-0.122616
-0.121607
-0.120597
-0.119588
-0.118579
-0.117570
-0.116561
-0.115552
-0.114542
-0.113533
-0.112524
-0.111515
-0.110506
-0.109496
-0.108487
-0.107478
-0.106469
-0.105460
-0.104450
-0.103441
-0.102432
-0.101423
-0.100414
-0.099405
-0.098395
-0.097386
-0.096377
-0.095368
-0.094359
-0.093349
-0.092340
-0.091331
-0.090322
-0.089313
-0.088304
-0.087294
-0.086285
-0.085276
-0.084267
-0.083258
-0.082248
-0.081239
-0.080230
-0.079221
-0.078212
-0.077203
-0.076193
-0.075184
-0.074175
-0.073166
-0.072157
-0.071147
-0.070138
-0.069129
-0.068120
-0.067111
-0.066102
-0.065092
-0.064083
-0.063074
-0.062065
-0.061056
-0.060046
-0.059037
-0.058028
-0.057019
-0.056010
-0.055001
-0.053991
-0.052982
-0.051973
-0.050964
-0.049955
-0.048945
-0.047936
-0.046927
-0.045918
-0.044909
-0.043899
-0.042890
-0.041881
-0.040872
-0.039863
-0.038854
-0.037844
-0.036835
-0.035826
-0.034817
-0.033808
-0.032798
-0.031789
-0.030780
-0.029771
-0.028762
-0.027753
-0.026743
-0.025734
-0.024725
-0.023716
-0.022707
-0.021697
-0.020688
-0.019679
-0.018670
-0.017661
-0.016652
-0.015642
-0.014633
-0.013624
-0.012615
-0.011606
-0.010596
-0.009587
-0.008578
-0.007569
-0.006560
-0.005551
-0.004541
-0.003532
-0.002523
-0.001514
-0.000505
0.000505
0.001514
0.002523
0.003532
0.004541
0.005551
0.006560
0.007569
0.008578
0.009587
0.010596
0.011606
0.012615
0.013624
0.014633
0.015642
0.016652
0.017661
0.018670
0.019679
0.020688
0.021697
0.022707
0.023716
0.024725
0.025734
0.026743
0.027753
0.028762
0.029771
0.030780
0.031789
0.032798
0.033808
0.034817
0.035826
0.036835
0.037844
0.038854
0.039863
0.040872
0.041881
0.042890
0.043899
0.044909
0.045918
0.046927
0.047936
0.048945
0.049955
0.050964
0.051973
0.052982
0.053991
0.055001
0.056010
0.057019
0.058028
0.059037
0.060046
0.061056
0.062065
0.063074
0.064083
0.065092
0.066102
0.067111
0.068120
0.069129
0.070138
0.071147
0.072157
0.073166
0.074175
0.075184
0.076193
0.077203
0.078212
0.079221
0.080230
0.081239
0.082248
0.083258
0.084267
0.085276
0.086285
0.087294
0.088304
0.089313
0.090322
0.091331
0.092340
0.093349
0.094359
0.095368
0.096377
0.097386
0.098395
0.099405
0.100414
0.101423
0.102432
0.103441
0.104450
0.105460
0.106469
0.107478
0.108487
0.109496
0.110506
0.111515
0.112524
0.113533
0.114542
0.115552
0.116561
0.117570
0.118579
0.119588
0.120597
0.121607
0.122616
0.123625
0.124634
0.125643
0.126653
0.127662
0.128671
0.129680
0.130689
0.131698
0.132708
0.133717
0.134726
0.135735
0.136744
0.137754
0.138763
0.139772
0.140781
0.141790
0.142799
0.143809
0.144818
0.145827
0.146836
0.147845
0.148855
0.149864
0.150873
0.151882
0.152891
0.153900
0.154910
0.155919
0.156928
0.157937
0.158946
0.159956
0.160965
0.161974
0.162983
0.163992
0.165002
0.166011
0.167020
0.168029
0.169038
0.170047
0.171057
0.172066
0.173075
0.174084
0.175093
0.176103
0.177112
0.178121
0.179130
0.180139
0.181148
0.182158
0.183167
0.184176
0.185185
0.186194
0.187204
0.188213
0.189222
0.190231
0.191240
0.192249
0.193259
0.194268
0.195277
0.196286
0.197295
0.198305
0.199314
0.200323
0.201332
0.202341
0.203350
0.204360
0.205369
0.206378
0.207387
0.208396
0.209406
0.210415
0.211424
0.212433
0.213442
0.214452
0.215461
0.216470
0.217479
0.218488
0.219497
0.220507
0.221516
0.222525
0.223534
0.224543
0.225553
0.226562
0.227571
0.228580
0.229589
0.230598
0.231608
0.232617
0.233626
0.234635
0.235644
0.236654
0.237663
0.238672
0.239681
0.240690
0.241699
0.242709
0.243718
0.244727
0.245736
0.246745
0.247755
0.248764
0.249773
0.250782
0.251791
0.252800
0.253810
0.254819
0.255828
0.256837
0.257846
0.258856
0.259865
0.260874
0.261883
0.262892
0.263902
0.264911
0.265920
0.266929
0.267938
0.268947
0.269957
0.270966
0.271975
0.272984
0.273993
0.275003
0.276012
0.277021
0.278030
0.279039
0.280048
0.281058
0.282067
0.283076
0.284085
0.285094
0.286104
0.287113
0.288122
0.289131
0.290140
0.291149
0.292159
0.293168
0.294177
0.295186
0.296195
0.297205
0.298214
0.299223
0.300232
0.301241
0.302250
0.303260
0.304269
0.305278
0.306287
0.307296
0.308306
0.309315
0.310324
0.311333
0.312342
0.313351
0.314361
0.315370
0.316379
0.317388
0.318397
0.319407
0.320416
0.321425
0.322434
0.323443
0.324453
0.325462
0.326471
0.327480
0.328489
0.329498
0.330508
0.331517
0.332526
0.333535
0.334544
0.335554
0.336563
0.337572
0.338581
0.339590
0.340599
0.341609
0.342618
0.343627
0.344636
0.345645
0.346655
0.347664
0.348673
0.349682
0.350691
0.351700
0.352710
0.353719
0.354728
0.355737
0.356746
0.357756
0.358765
0.359774
0.360783
0.361792
0.362801
0.363811
0.364820
0.365829
0.366838
0.367847
0.368857
0.369866
0.370875
0.371884
0.372893
0.373903
0.374912
0.375921
0.376930
0.377939
0.378948
0.379958
0.380967
0.381976
0.382985
0.383994
0.385004
0.386013
0.387022
0.388031
0.389040
0.390049
0.391059
0.392068
0.393077
0.394086
0.395095
0.396105
0.397114
0.398123
0.399132
0.400141
0.401150
0.402160
0.403169
0.404178
0.405187
0.406196
0.407206
0.408215
0.409224
0.410233
0.411242
0.412251
0.413261
0.414270
0.415279
0.416288
0.417297
0.418307
0.419316
0.420325
0.421334
0.422343
0.423353
0.424362
0.425371
0.426380
0.427389
0.428398
0.429408
0.430417
0.431426
0.432435
0.433444
0.434454
0.435463
0.436472
0.437481
0.438490
0.439499
0.440509
0.441518
0.442527
0.443536
0.444545
0.445555
0.446564
0.447573
0.448582
0.449591
0.450600
0.451610
0.452619
0.453628
0.454637
0.455646
0.456656
0.457665
0.458674
0.459683
0.460692
0.461701
0.462711
0.463720
0.464729
0.465738
0.466747
0.467757
0.468766
0.469775
0.470784
0.471793
0.472803
0.473812
0.474821
0.475830
0.476839
0.477848
0.478858
0.479867
0.480876
0.481885
0.482894
0.483904
0.484913
0.485922
0.486931
0.487940
0.488949
0.489959
0.490968
0.491977
0.492986
0.493995
0.495005
0.496014
0.497023
0.498032
0.499041
0.500050
0.501060
0.502069
0.503078
0.504087
0.505096
0.506106
0.507115
0.508124
0.509133
0.510142
0.511151
0.512161
0.513170
0.514179
0.515188
0.516197
0.517207
0.518216
0.519225
0.520234
0.521243
0.522252
0.523262
0.524271
0.525280
0.526289
0.527298
0.528308
0.529317
0.530326
0.531335
0.532344
0.533354
0.534363
0.535372
0.536381
0.537390
0.538399
0.539409
0.540418
0.541427
0.542436
0.543445
0.544455
0.545464
0.546473
0.547482
0.548491
0.549500
0.550510
0.551519
0.552528
0.553537
0.554546
0.555556
0.556565
0.557574
0.558583
0.559592
0.560601
0.561611
0.562620
0.563629
0.564638
0.565647
0.566657
0.567666
0.568675
0.569684
0.570693
0.571702
0.572712
0.573721
0.574730
0.575739
0.576748
0.577758
0.578767
0.579776
0.580785
0.581794
0.582804
0.583813
0.584822
0.585831
0.586840
0.587849
0.588859
0.589868
0.590877
0.591886
0.592895
0.593905
0.594914
0.595923
0.596932
0.597941
0.598950
0.599960
0.600969
0.601978
0.602987
0.603996
0.605006
0.606015
0.607024
0.608033
0.609042
0.610051
0.611061
0.612070
0.613079
0.614088
0.615097
0.616107
0.617116
0.618125
0.619134
0.620143
0.621152
0.622162
0.623171
0.624180
0.625189
0.626198
0.627208
0.628217
0.629226
0.630235
0.631244
0.632254
0.633263
0.634272
0.635281
0.636290
0.637299
0.638309
0.639318
0.640327
0.641336
0.642345
0.643355
0.644364
0.645373
0.646382
0.647391
0.648400
0.649410
0.650419
0.651428
0.652437
0.653446
0.654456
0.655465
0.656474
0.657483
0.658492
0.659501
0.660511
0.661520
0.662529
0.663538
0.664547
0.665557
0.666566
0.667575
0.668584
0.669593
0.670602
0.671612
0.672621
0.673630
0.674639
0.675648
0.676658
0.677667
0.678676
0.679685
0.680694
0.681704
0.682713
0.683722
0.684731
0.685740
0.686749
0.687759
0.688768
0.689777
0.690786
0.691795
0.692805
0.693814
0.694823
0.695832
0.696841
0.697850
0.698860
0.699869
0.700878
0.701887
0.702896
0.703906
0.704915
0.705924
0.706933
0.707942
0.708951
0.709961
0.710970
0.711979
0.712988
0.713997
0.715007
0.716016
0.717025
0.718034
0.719043
0.720052
0.721062
0.722071
0.723080
0.724089
0.725098
0.726108
0.727117
0.728126
0.729135
0.730144
0.731153
0.732163
0.733172
0.734181
0.735190
0.736199
0.737209
0.738218
0.739227
0.740236
0.741245
0.742255
0.743264
0.744273
0.745282
0.746291
0.747300
0.748310
0.749319
0.750328
0.751337
0.752346
0.753356
0.754365
0.755374
0.756383
0.757392
0.758401
0.759411
0.760420
0.761429
0.762438
0.763447
0.764457
0.765466
0.766475
0.767484
0.768493
0.769502
0.770512
0.771521
0.772530
0.773539
0.774548
0.775558
0.776567
0.777576
0.778585
0.779594
0.780603
0.781613
0.782622
0.783631
0.784640
0.785649
0.786659
0.787668
0.788677
0.789686
0.790695
0.791705
0.792714
0.793723
0.794732
0.795741
0.796750
0.797760
0.798769
0.799778
0.800787
0.801796
0.802806
0.803815
0.804824
0.805833
0.806842
0.807851
0.808861
0.809870
0.810879
0.811888
0.812897
0.813907
0.814916
0.815925
0.816934
0.817943
0.818952
0.819962
0.820971
0.821980
0.822989
0.823998
0.825008
0.826017
0.827026
0.828035
0.829044
0.830053
0.831063
0.832072
0.833081
0.834090
0.835099
0.836109
0.837118
0.838127
0.839136
0.840145
0.841155
0.842164
0.843173
0.844182
0.845191
0.846200
0.847210
0.848219
0.849228
0.850237
0.851246
0.852256
0.853265
0.854274
0.855283
0.856292
0.857301
0.858311
0.859320
0.860329
0.861338
0.862347
0.863357
0.864366
0.865375
0.866384
0.867393
0.868402
0.869412
0.870421
0.871430
0.872439
0.873448
0.874458
0.875467
0.876476
0.877485
0.878494
0.879503
0.880513
0.881522
0.882531
0.883540
0.884549
0.885559
0.886568
0.887577
0.888586
0.889595
0.890605
0.891614
0.892623
0.893632
0.894641
0.895650
0.896660
0.897669
0.898678
0.899687
0.900696
0.901706
0.902715
0.903724
0.904733
0.905742
0.906751
0.907761
0.908770
0.909779
0.910788
0.911797
0.912807
0.913816
0.914825
0.915834
0.916843
0.917852
0.918862
0.919871
0.920880
0.921889
0.922898
0.923908
0.924917
0.925926
0.926935
0.927944
0.928953
0.929963
0.930972
0.931981
0.932990
0.933999
0.935009
0.936018
0.937027
0.938036
0.939045
0.940054
0.941064
0.942073
0.943082
0.944091
0.945100
0.946110
0.947119
0.948128
0.949137
0.950146
0.951156
0.952165
0.953174
0.954183
0.955192
0.956201
0.957211
0.958220
0.959229
0.960238
0.961247
0.962257
0.963266
0.964275
0.965284
0.966293
0.967302
0.968312
0.969321
0.970330
0.971339
0.972348
0.973358
0.974367
0.975376
0.976385
0.977394
0.978403
0.979413
0.980422
0.981431
0.982440
0.983449
0.984459
0.985468
0.986477
0.987486
0.988495
0.989504
0.990514
0.991523
0.992532
0.993541
0.994550
0.995560
0.996569
0.997578
0.998587
0.999596
1.000606
1.001615
1.002624
1.003633
1.004642
1.005651
1.006661
1.007670
1.008679
1.009688
1.010697
1.011707
1.012716
1.013725
1.014734
1.015743
1.016752
1.017762
1.018771
1.019780
1.020789
1.021798
1.022808
1.023817
1.024826
1.025835
1.026844
1.027853
1.028863
1.029872
1.030881
1.031890
1.032899
1.033909
1.034918
1.035927
1.036936
1.037945
1.038954
1.039964
1.040973
1.041982
1.042991
1.044000
1.045010
1.046019
1.047028
1.048037
1.049046
1.050056
1.051065
1.052074
1.053083
1.054092
1.055101
1.056111
1.057120
1.058129
1.059138
1.060147
1.061157
1.062166
1.063175
1.064184
1.065193
1.066202
1.067212
1.068221
1.069230
1.070239
1.071248
1.072258
1.073267
1.074276
1.075285
1.076294
1.077303
1.078313
1.079322
1.080331
1.081340
1.082349
1.083359
1.084368
1.085377
1.086386
1.087395
1.088404
1.089414
1.090423
1.091432
1.092441
1.093450
1.094460
1.095469
1.096478
1.097487
1.098496
1.099506
1.100515
1.101524
1.102533
1.103542
1.104551
1.105561
1.106570
1.107579
1.108588
1.109597
1.110607
1.111616
1.112625
1.113634
1.114643
1.115652
1.116662
1.117671
1.118680
1.119689
1.120698
1.121708
1.122717
1.123726
1.124735
1.125744
1.126753
1.127763
1.128772
1.129781
1.130790
1.131799
1.132809
1.133818
1.134827
1.135836
1.136845
1.137854
1.138864
1.139873
1.140882
1.141891
1.142900
1.143910
1.144919
1.145928
1.146937
1.147946
1.148955
1.149965
1.150974
1.151983
1.152992
1.154001
1.155011
1.156020
1.157029
1.158038
1.159047
1.160057
1.161066
1.162075
1.163084
1.164093
1.165102
1.166112
1.167121
1.168130
1.169139
1.170148
1.171158
1.172167
1.173176
1.174185
1.175194
1.176203
1.177213
1.178222
1.179231
1.180240
1.181249
1.182259
1.183268
1.184277
1.185286
1.186295
1.187304
1.188314
1.189323
1.190332
1.191341
1.192350
1.193360
1.194369
1.195378
1.196387
1.197396
1.198405
1.199415
1.200424
1.201433
1.202442
1.203451
1.204461
1.205470
1.206479
1.207488
1.208497
1.209507
1.210516
1.211525
1.212534
1.213543
1.214552
1.215562
1.216571
1.217580
1.218589
1.219598
1.220608
1.221617
1.222626
1.223635
1.224644
1.225653
1.226663
1.227672
1.228681
1.229690
1.230699
1.231709
1.232718
1.233727
1.234736
1.235745
1.236754
1.237764
1.238773
1.239782
1.240791
1.241800
1.242810
1.243819
1.244828
1.245837
1.246846
1.247855
1.248865
1.249874
1.250883
1.251892
1.252901
1.253911
1.254920
1.255929
1.256938
1.257947
1.258957
1.259966
1.260975
1.261984
1.262993
1.264002
1.265012
1.266021
1.267030
1.268039
1.269048
1.270058
1.271067
1.272076
1.273085
1.274094
1.275103
1.276113
1.277122
1.278131
1.279140
1.280149
1.281159
1.282168
1.283177
1.284186
1.285195
1.286204
1.287214
1.288223
1.289232
1.290241
1.291250
1.292260
1.293269
1.294278
1.295287
1.296296
1.297305
1.298315
1.299324
1.300333
1.301342
1.302351
1.303361
1.304370
1.305379
1.306388
1.307397
1.308406
1.309416
1.310425
1.311434
1.312443
1.313452
1.314462
1.315471
1.316480
1.317489
1.318498
1.319508
1.320517
1.321526
1.322535
1.323544
1.324553
1.325563
1.326572
1.327581
1.328590
1.329599
1.330609
1.331618
1.332627
1.333636
1.334645
1.335654
1.336664
1.337673
1.338682
1.339691
1.340700
1.341710
1.342719
1.343728
1.344737
1.345746
1.346755
1.347765
1.348774
1.349783
1.350792
1.351801
1.352811
1.353820
1.354829
1.355838
1.356847
1.357856
1.358866
1.359875
1.360884
1.361893
1.362902
1.363912
1.364921
1.365930
1.366939
1.367948
1.368958
1.369967
1.370976
1.371985
1.372994
1.374003
1.375013
1.376022
1.377031
1.378040
1.379049
1.380059
1.381068
1.382077
1.383086
1.384095
1.385104
1.386114
1.387123
1.388132
1.389141
1.390150
1.391160
1.392169
1.393178
1.394187
1.395196
1.396205
1.397215
1.398224
1.399233
1.400242
1.401251
1.402261
1.403270
1.404279
1.405288
1.406297
1.407306
1.408316
1.409325
1.410334
1.411343
1.412352
1.413362
1.414371
1.415380
1.416389
1.417398
1.418408
1.419417
1.420426
1.421435
1.422444
1.423453
1.424463
1.425472
1.426481
1.427490
1.428499
1.429509
1.430518
1.431527
1.432536
1.433545
1.434554
1.435564
1.436573
1.437582
1.438591
1.439600
1.440610
1.441619
1.442628
1.443637
1.444646
1.445655
1.446665
1.447674
1.448683
1.449692
1.450701
1.451711
1.452720
1.453729
1.454738
1.455747
1.456756
1.457766
1.458775
1.459784
1.460793
1.461802
1.462812
1.463821
1.464830
1.465839
1.466848
1.467858
1.468867
1.469876
1.470885
1.471894
1.472903
1.473913
1.474922
1.475931
1.476940
1.477949
1.478959
1.479968
1.480977
1.481986
1.482995
1.484004
1.485014
1.486023
1.487032
1.488041
1.489050
1.490060
1.491069
1.492078
1.493087
1.494096
1.495105
1.496115
1.497124
1.498133
1.499142
1.500151
1.501161
1.502170
1.503179
1.504188
1.505197
1.506206
1.507216
1.508225
1.509234
1.510243
1.511252
1.512262
1.513271
1.514280
1.515289
1.516298
1.517307
1.518317
1.519326
1.520335
1.521344
1.522353
1.523363
1.524372
1.525381
1.526390
1.527399
1.528409
1.529418
1.530427
1.531436
1.532445
1.533454
1.534464
1.535473
1.536482
1.537491
1.538500
1.539510
1.540519
1.541528
1.542537
1.543546
1.544555
1.545565
1.546574
1.547583
1.548592
1.549601
1.550611
1.551620
1.552629
1.553638
1.554647
1.555656
1.556666
1.557675
1.558684
1.559693
1.560702
1.561712
1.562721
1.563730
1.564739
1.565748
1.566757
1.567767
1.568776
1.569785
1.570794
1.571803
1.572813
1.573822
1.574831
1.575840
1.576849
1.577859
1.578868
1.579877
1.580886
1.581895
1.582904
1.583914
1.584923
1.585932
1.586941
1.587950
1.588960
1.589969
1.590978
1.591987
1.592996
1.594005
1.595015
1.596024
1.597033
1.598042
1.599051
1.600061
1.601070
1.602079
1.603088
1.604097
1.605106
1.606116
1.607125
1.608134
1.609143
1.610152
1.611162
1.612171
1.613180
1.614189
1.615198
1.616207
1.617217
1.618226
1.619235
1.620244
1.621253
1.622263
1.623272
1.624281
1.625290
1.626299
1.627309
1.628318
1.629327
1.630336
1.631345
1.632354
1.633364
1.634373
1.635382
1.636391
1.637400
1.638410
1.639419
1.640428
1.641437
1.642446
1.643455
1.644465
1.645474
1.646483
1.647492
1.648501
1.649511
1.650520
1.651529
1.652538
1.653547
1.654556
1.655566
1.656575
1.657584
1.658593
1.659602
1.660612
1.661621
1.662630
1.663639
1.664648
1.665657
1.666667
1.667676
1.668685
1.669694
1.670703
1.671713
1.672722
1.673731
1.674740
1.675749
1.676759
1.677768
1.678777
1.679786
1.680795
1.681804
1.682814
1.683823
1.684832
1.685841
1.686850
1.687860
1.688869
1.689878
1.690887
1.691896
1.692905
1.693915
1.694924
1.695933
1.696942
1.697951
1.698961
1.699970
1.700979
1.701988
1.702997
1.704006
1.705016
1.706025
1.707034
1.708043
1.709052
1.710062
1.711071
1.712080
1.713089
1.714098
1.715107
1.716117
1.717126
1.718135
1.719144
1.720153
1.721163
1.722172
1.723181
1.724190
1.725199
1.726208
1.727218
1.728227
1.729236
1.730245
1.731254
1.732264
1.733273
1.734282
1.735291
1.736300
1.737310
1.738319
1.739328
1.740337
1.741346
1.742355
1.743365
1.744374
1.745383
1.746392
1.747401
1.748411
1.749420
1.750429
1.751438
1.752447
1.753456
1.754466
1.755475
1.756484
1.757493
1.758502
1.759512
1.760521
1.761530
1.762539
1.763548
1.764557
1.765567
1.766576
1.767585
1.768594
1.769603
1.770613
1.771622
1.772631
1.773640
1.774649
1.775658
1.776668
1.777677
1.778686
1.779695
1.780704
1.781714
1.782723
1.783732
1.784741
1.785750
1.786760
1.787769
1.788778
1.789787
1.790796
1.791805
1.792815
1.793824
1.794833
1.795842
1.796851
1.797861
1.798870
1.799879
1.800888
1.801897
1.802906
1.803916
1.804925
1.805934
1.806943
1.807952
1.808962
1.809971
1.810980
1.811989
1.812998
1.814007
1.815017
1.816026
1.817035
1.818044
1.819053
1.820063
1.821072
1.822081
1.823090
1.824099
1.825108
1.826118
1.827127
1.828136
1.829145
1.830154
1.831164
1.832173
1.833182
1.834191
1.835200
1.836210
1.837219
1.838228
1.839237
1.840246
1.841255
1.842265
1.843274
1.844283
1.845292
1.846301
1.847311
1.848320
1.849329
1.850338
1.851347
1.852356
1.853366
1.854375
1.855384
1.856393
1.857402
1.858412
1.859421
1.860430
1.861439
1.862448
1.863457
1.864467
1.865476
1.866485
1.867494
1.868503
1.869513
1.870522
1.871531
1.872540
1.873549
1.874558
1.875568
1.876577
1.877586
1.878595
1.879604
1.880614
1.881623
1.882632
1.883641
1.884650
1.885660
1.886669
1.887678
1.888687
1.889696
1.890705
1.891715
1.892724
1.893733
1.894742
1.895751
1.896761
1.897770
1.898779
1.899788
1.900797
1.901806
1.902816
1.903825
1.904834
1.905843
1.906852
1.907862
1.908871
1.909880
1.910889
1.911898
1.912907
1.913917
1.914926
1.915935
1.916944
1.917953
1.918963
1.919972
1.920981
1.921990
1.922999
1.924008
1.925018
1.926027
1.927036
1.928045
1.929054
1.930064
1.931073
1.932082
1.933091
1.934100
1.935109
1.936119
1.937128
1.938137
1.939146
1.940155
1.941165
1.942174
1.943183
1.944192
1.945201
1.946211
1.947220
1.948229
1.949238
1.950247
1.951256
1.952266
1.953275
1.954284
1.955293
1.956302
1.957312
1.958321
1.959330
1.960339
1.961348
1.962357
1.963367
1.964376
1.965385
1.966394
1.967403
1.968413
1.969422
1.970431
1.971440
1.972449
1.973458
1.974468
1.975477
1.976486
1.977495
1.978504
1.979514
1.980523
1.981532
1.982541
1.983550
1.984559
1.985569
1.986578
1.987587
1.988596
1.989605
1.990615
1.991624
1.992633
1.993642
1.994651
1.995661
1.996670
1.997679
1.998688
1.999697
2.000706
2.001716
2.002725
2.003734
2.004743
2.005752
2.006762
2.007771
2.008780
2.009789
2.010798
2.011807
2.012817
2.013826
2.014835
2.015844
2.016853
2.017863
2.018872
2.019881
2.020890
2.021899
2.022908
2.023918
2.024927
2.025936
2.026945
2.027954
2.028964
2.029973
2.030982
2.031991
2.033000
2.034009
2.035019
2.036028
2.037037
2.038046
2.039055
2.040065
2.041074
2.042083
2.043092
2.044101
2.045111
2.046120
2.047129
2.048138
2.049147
2.050156
2.051166
2.052175
2.053184
2.054193
2.055202
2.056212
2.057221
2.058230
2.059239
2.060248
2.061257
2.062267
2.063276
2.064285
2.065294
2.066303
2.067313
2.068322
2.069331
2.070340
2.071349
2.072358
2.073368
2.074377
2.075386
2.076395
2.077404
2.078414
2.079423
2.080432
2.081441
2.082450
2.083459
2.084469
2.085478
2.086487
2.087496
2.088505
2.089515
2.090524
2.091533
2.092542
2.093551
2.094561
2.095570
2.096579
2.097588
2.098597
2.099606
2.100616
2.101625
2.102634
2.103643
2.104652
2.105662
2.106671
2.107680
2.108689
2.109698
2.110707
2.111717
2.112726
2.113735
2.114744
2.115753
2.116763
2.117772
2.118781
2.119790
2.120799
2.121808
2.122818
2.123827
2.124836
2.125845
2.126854
2.127864
2.128873
2.129882
2.130891
2.131900
2.132909
2.133919
2.134928
2.135937
2.136946
2.137955
2.138965
2.139974
2.140983
2.141992
2.143001
2.144010
2.145020
2.146029
2.147038
2.148047
2.149056
2.150066
2.151075
2.152084
2.153093
2.154102
2.155112
2.156121
2.157130
2.158139
2.159148
2.160157
2.161167
2.162176
2.163185
2.164194
2.165203
2.166213
2.167222
2.168231
2.169240
2.170249
2.171258
2.172268
2.173277
2.174286
2.175295
2.176304
2.177314
2.178323
2.179332
2.180341
2.181350
2.182359
2.183369
2.184378
2.185387
2.186396
2.187405
2.188415
2.189424
2.190433
2.191442
2.192451
2.193460
2.194470
2.195479
2.196488
2.197497
2.198506
2.199516
2.200525
2.201534
2.202543
2.203552
2.204562
2.205571
2.206580
2.207589
2.208598
2.209607
2.210617
2.211626
2.212635
2.213644
2.214653
2.215663
2.216672
2.217681
2.218690
2.219699
2.220708
2.221718
2.222727
2.223736
2.224745
2.225754
2.226764
2.227773
2.228782
2.229791
2.230800
2.231809
2.232819
2.233828
2.234837
2.235846
2.236855
2.237865
2.238874
2.239883
2.240892
2.241901
2.242910
2.243920
2.244929
2.245938
2.246947
2.247956
2.248966
2.249975
2.250984
2.251993
2.253002
2.254012
2.255021
2.256030
2.257039
2.258048
2.259057
2.260067
2.261076
2.262085
2.263094
2.264103
2.265113
2.266122
2.267131
2.268140
2.269149
2.270158
2.271168
2.272177
2.273186
2.274195
2.275204
2.276214
2.277223
2.278232
2.279241
2.280250
2.281259
2.282269
2.283278
2.284287
2.285296
2.286305
2.287315
2.288324
2.289333
2.290342
2.291351
2.292360
2.293370
2.294379
2.295388
2.296397
2.297406
2.298416
2.299425
2.300434
2.301443
2.302452
2.303461
2.304471
2.305480
2.306489
2.307498
2.308507
2.309517
2.310526
2.311535
2.312544
2.313553
2.314563
2.315572
2.316581
2.317590
2.318599
2.319608
2.320618
2.321627
2.322636
2.323645
2.324654
2.325664
2.326673
2.327682
2.328691
2.329700
2.330709
2.331719
2.332728
2.333737
2.334746
2.335755
2.336765
2.337774
2.338783
2.339792
2.340801
2.341810
2.342820
2.343829
2.344838
2.345847
2.346856
2.347866
2.348875
2.349884
2.350893
2.351902
2.352911
2.353921
2.354930
2.355939
2.356948
2.357957
2.358967
2.359976
2.360985
2.361994
2.363003
2.364013
2.365022
2.366031
2.367040
2.368049
2.369058
2.370068
2.371077
2.372086
2.373095
2.374104
2.375114
2.376123
2.377132
2.378141
2.379150
2.380159
2.381169
2.382178
2.383187
2.384196
2.385205
2.386215
2.387224
2.388233
2.389242
2.390251
2.391260
2.392270
2.393279
2.394288
2.395297
2.396306
2.397316
2.398325
2.399334
2.400343
2.401352
2.402361
2.403371
2.404380
2.405389
2.406398
2.407407
2.408417
2.409426
2.410435
2.411444
2.412453
2.413463
2.414472
2.415481
2.416490
2.417499
2.418508
2.419518
2.420527
2.421536
2.422545
2.423554
2.424564
2.425573
2.426582
2.427591
2.428600
2.429609
2.430619
2.431628
2.432637
2.433646
2.434655
2.435665
2.436674
2.437683
2.438692
2.439701
2.440710
2.441720
2.442729
2.443738
2.444747
2.445756
2.446766
2.447775
2.448784
2.449793
2.450802
2.451811
2.452821
2.453830
2.454839
2.455848
2.456857
2.457867
2.458876
2.459885
2.460894
2.461903
2.462913
2.463922
2.464931
2.465940
2.466949
2.467958
2.468968
2.469977
2.470986
2.471995
2.473004
2.474014
2.475023
2.476032
2.477041
2.478050
2.479059
2.480069
2.481078
2.482087
2.483096
2.484105
2.485115
2.486124
2.487133
2.488142
2.489151
2.490160
2.491170
2.492179
2.493188
2.494197
2.495206
2.496216
2.497225
2.498234
2.499243
2.500252
2.501261
2.502271
2.503280
2.504289
2.505298
2.506307
2.507317
2.508326
2.509335
2.510344
2.511353
2.512362
2.513372
2.514381
2.515390
2.516399
2.517408
2.518418
2.519427
2.520436
2.521445
2.522454
2.523464
2.524473
2.525482
2.526491
2.527500
2.528509
2.529519
2.530528
2.531537
2.532546
2.533555
2.534565
2.535574
2.536583
2.537592
2.538601
2.539610
2.540620
2.541629
2.542638
2.543647
2.544656
2.545666
2.546675
2.547684
2.548693
2.549702
2.550711
2.551721
2.552730
2.553739
2.554748
2.555757
2.556767
2.557776
2.558785
2.559794
2.560803
2.561812
2.562822
2.563831
2.564840
2.565849
2.566858
2.567868
2.568877
2.569886
2.570895
2.571904
2.572914
2.573923
2.574932
2.575941
2.576950
2.577959
2.578969
2.579978
2.580987
2.581996
2.583005
2.584015
2.585024
2.586033
2.587042
2.588051
2.589060
2.590070
2.591079
2.592088
2.593097
2.594106
2.595116
2.596125
2.597134
2.598143
2.599152
2.600161
2.601171
2.602180
2.603189
2.604198
2.605207
2.606217
2.607226
2.608235
2.609244
2.610253
2.611262
2.612272
2.613281
2.614290
2.615299
2.616308
2.617318
2.618327
2.619336
2.620345
2.621354
2.622364
2.623373
2.624382
2.625391
2.626400
2.627409
2.628419
2.629428
2.630437
2.631446
2.632455
2.633465
2.634474
2.635483
2.636492
2.637501
2.638510
2.639520
2.640529
2.641538
2.642547
2.643556
2.644566
2.645575
2.646584
2.647593
2.648602
2.649611
2.650621
2.651630
2.652639
2.653648
2.654657
2.655667
2.656676
2.657685
2.658694
2.659703
2.660712
2.661722
2.662731
2.663740
2.664749
2.665758
2.666768
2.667777
2.668786
2.669795
2.670804
2.671814
2.672823
2.673832
2.674841
2.675850
2.676859
2.677869
2.678878
2.679887
2.680896
2.681905
2.682915
2.683924
2.684933
2.685942
2.686951
2.687960
2.688970
2.689979
2.690988
2.691997
2.693006
2.694016
2.695025
2.696034
2.697043
2.698052
2.699061
2.700071
2.701080
2.702089
2.703098
2.704107
2.705117
2.706126
2.707135
2.708144
2.709153
2.710162
2.711172
2.712181
2.713190
2.714199
2.715208
2.716218
2.717227
2.718236
2.719245
2.720254
2.721263
2.722273
2.723282
2.724291
2.725300
2.726309
2.727319
2.728328
2.729337
2.730346
2.731355
2.732365
2.733374
2.734383
2.735392
2.736401
2.737410
2.738420
2.739429
2.740438
2.741447
2.742456
2.743466
2.744475
2.745484
2.746493
2.747502
2.748511
2.749521
2.750530
2.751539
2.752548
2.753557
2.754567
2.755576
2.756585
2.757594
2.758603
2.759612
2.760622
2.761631
2.762640
2.763649
2.764658
2.765668
2.766677
2.767686
2.768695
2.769704
2.770713
2.771723
2.772732
2.773741
2.774750
2.775759
2.776769
2.777778
2.778787
2.779796
2.780805
2.781815
2.782824
2.783833
2.784842
2.785851
2.786860
2.787870
2.788879
2.789888
2.790897
2.791906
2.792916
2.793925
2.794934
2.795943
2.796952
2.797961
2.798971
2.799980
2.800989
2.801998
2.803007
2.804017
2.805026
2.806035
2.807044
2.808053
2.809062
2.810072
2.811081
2.812090
2.813099
2.814108
2.815118
2.816127
2.817136
2.818145
2.819154
2.820163
2.821173
2.822182
2.823191
2.824200
2.825209
2.826219
2.827228
2.828237
2.829246
2.830255
2.831265
2.832274
2.833283
2.834292
2.835301
2.836310
2.837320
2.838329
2.839338
2.840347
2.841356
2.842366
2.843375
2.844384
2.845393
2.846402
2.847411
2.848421
2.849430
2.850439
2.851448
2.852457
2.853467
2.854476
2.855485
2.856494
2.857503
2.858512
2.859522
2.860531
2.861540
2.862549
2.863558
2.864568
2.865577
2.866586
2.867595
2.868604
2.869613
2.870623
2.871632
2.872641
2.873650
2.874659
2.875669
2.876678
2.877687
2.878696
2.879705
2.880715
2.881724
2.882733
2.883742
2.884751
2.885760
2.886770
2.887779
2.888788
2.889797
2.890806
2.891816
2.892825
2.893834
2.894843
2.895852
2.896861
2.897871
2.898880
2.899889
2.900898
2.901907
2.902917
2.903926
2.904935
2.905944
2.906953
2.907962
2.908972
2.909981
2.910990
2.911999
2.913008
2.914018
2.915027
2.916036
2.917045
2.918054
2.919063
2.920073
2.921082
2.922091
2.923100
2.924109
2.925119
2.926128
2.927137
2.928146
2.929155
2.930164
2.931174
2.932183
2.933192
2.934201
2.935210
2.936220
2.937229
2.938238
2.939247
2.940256
2.941266
2.942275
2.943284
2.944293
2.945302
2.946311
2.947321
2.948330
2.949339
2.950348
2.951357
2.952367
2.953376
2.954385
2.955394
2.956403
2.957412
2.958422
2.959431
2.960440
2.961449
2.962458
2.963468
2.964477
2.965486
2.966495
2.967504
2.968513
2.969523
2.970532
2.971541
2.972550
2.973559
2.974569
2.975578
2.976587
2.977596
2.978605
2.979614
2.980624
2.981633
2.982642
2.983651
2.984660
2.985670
2.986679
2.987688
2.988697
2.989706
2.990716
2.991725
2.992734
2.993743
2.994752
2.995761
2.996771
2.997780
2.998789
2.999798
3.000807
3.001817
3.002826
3.003835
3.004844
3.005853
3.006862
3.007872
3.008881
3.009890
3.010899
3.011908
3.012918
3.013927
3.014936
3.015945
3.016954
3.017963
3.018973
3.019982
3.020991
3.022000
3.023009
3.024019
3.025028
3.026037
3.027046
3.028055
3.029064
3.030074
3.031083
3.032092
3.033101
3.034110
3.035120
3.036129
3.037138
3.038147
3.039156
3.040166
3.041175
3.042184
3.043193
3.044202
3.045211
3.046221
3.047230
3.048239
3.049248
3.050257
3.051267
3.052276
3.053285
3.054294
3.055303
3.056312
3.057322
3.058331
3.059340
3.060349
3.061358
3.062368
3.063377
3.064386
3.065395
3.066404
3.067413
3.068423
3.069432
3.070441
3.071450
3.072459
3.073469
3.074478
3.075487
3.076496
3.077505
3.078514
3.079524
3.080533
3.081542
3.082551
3.083560
3.084570
3.085579
3.086588
3.087597
3.088606
3.089616
3.090625
3.091634
3.092643
3.093652
3.094661
3.095671
3.096680
3.097689
3.098698
3.099707
3.100717
3.101726
3.102735
3.103744
3.104753
3.105762
3.106772
3.107781
3.108790
3.109799
3.110808
3.111818
3.112827
3.113836
3.114845
3.115854
3.116863
3.117873
3.118882
3.119891
3.120900
3.121909
3.122919
3.123928
3.124937
3.125946
3.126955
3.127964
3.128974
3.129983
3.130992
3.132001
3.133010
3.134020
3.135029
3.136038
3.137047
3.138056
3.139065
3.140075
3.141084
3.142093
3.143102
3.144111
3.145121
3.146130
3.147139
3.148148
3.149157
3.150167
3.151176
3.152185
3.153194
3.154203
3.155212
3.156222
3.157231
3.158240
3.159249
3.160258
3.161268
3.162277
3.163286
3.164295
3.165304
3.166313
3.167323
3.168332
3.169341
3.170350
3.171359
3.172369
3.173378
3.174387
3.175396
3.176405
3.177414
3.178424
3.179433
3.180442
3.181451
3.182460
3.183470
3.184479
3.185488
3.186497
3.187506
3.188515
3.189525
3.190534
3.191543
3.192552
3.193561
3.194571
3.195580
3.196589
3.197598
3.198607
3.199617
3.200626
3.201635
3.202644
3.203653
3.204662
3.205672
3.206681
3.207690
3.208699
3.209708
3.210718
3.211727
3.212736
3.213745
3.214754
3.215763
3.216773
3.217782
3.218791
3.219800
3.220809
3.221819
3.222828
3.223837
3.224846
3.225855
3.226864
3.227874
3.228883
3.229892
3.230901
3.231910
3.232920
3.233929
3.234938
3.235947
3.236956
3.237965
3.238975
3.239984
3.240993
3.242002
3.243011
3.244021
3.245030
3.246039
3.247048
3.248057
3.249067
3.250076
3.251085
3.252094
3.253103
3.254112
3.255122
3.256131
3.257140
3.258149
3.259158
3.260168
3.261177
3.262186
3.263195
3.264204
3.265213
3.266223
3.267232
3.268241
3.269250
3.270259
3.271269
3.272278
3.273287
3.274296
3.275305
3.276314
3.277324
3.278333
3.279342
3.280351
3.281360
3.282370
3.283379
3.284388
3.285397
3.286406
3.287415
3.288425
3.289434
3.290443
3.291452
3.292461
3.293471
3.294480
3.295489
3.296498
3.297507
3.298517
3.299526
3.300535
3.301544
3.302553
3.303562
3.304572
3.305581
3.306590
3.307599
3.308608
3.309618
3.310627
3.311636
3.312645
3.313654
3.314663
3.315673
3.316682
3.317691
3.318700
3.319709
3.320719
3.321728
3.322737
3.323746
3.324755
3.325764
3.326774
3.327783
3.328792
3.329801
3.330810
3.331820
3.332829
3.333838
3.334847
3.335856
3.336865
3.337875
3.338884
3.339893
3.340902
3.341911
3.342921
3.343930
3.344939
3.345948
3.346957
3.347966
3.348976
3.349985
3.350994
3.352003
3.353012
3.354022
3.355031
3.356040
3.357049
3.358058
3.359068
3.360077
3.361086
3.362095
3.363104
3.364113
3.365123
3.366132
3.367141
3.368150
3.369159
3.370169
3.371178
3.372187
3.373196
3.374205
3.375214
3.376224
3.377233
3.378242
3.379251
3.380260
3.381270
3.382279
3.383288
3.384297
3.385306
3.386315
3.387325
3.388334
3.389343
3.390352
3.391361
3.392371
3.393380
3.394389
3.395398
3.396407
3.397416
3.398426
3.399435
3.400444
3.401453
3.402462
3.403472
3.404481
3.405490
3.406499
3.407508
3.408518
3.409527
3.410536
3.411545
3.412554
3.413563
3.414573
3.415582
3.416591
3.417600
3.418609
3.419619
3.420628
3.421637
3.422646
3.423655
3.424664
3.425674
3.426683
3.427692
3.428701
3.429710
3.430720
3.431729
3.432738
3.433747
3.434756
3.435765
3.436775
3.437784
3.438793
3.439802
3.440811
3.441821
3.442830
3.443839
3.444848
3.445857
3.446866
3.447876
3.448885
3.449894
3.450903
3.451912
3.452922
3.453931
3.454940
3.455949
3.456958
3.457968
3.458977
3.459986
3.460995
3.462004
3.463013
3.464023
3.465032
3.466041
3.467050
3.468059
3.469069
3.470078
3.471087
3.472096
3.473105
3.474114
3.475124
3.476133
3.477142
3.478151
3.479160
3.480170
3.481179
3.482188
3.483197
3.484206
3.485215
3.486225
3.487234
3.488243
3.489252
3.490261
3.491271
3.492280
3.493289
3.494298
3.495307
3.496316
3.497326
3.498335
3.499344
3.500353
3.501362
3.502372
3.503381
3.504390
3.505399
3.506408
3.507417
3.508427
3.509436
3.510445
3.511454
3.512463
3.513473
3.514482
3.515491
3.516500
3.517509
3.518519
3.519528
3.520537
3.521546
3.522555
3.523564
3.524574
3.525583
3.526592
3.527601
3.528610
3.529620
3.530629
3.531638
3.532647
3.533656
3.534665
3.535675
3.536684
3.537693
3.538702
3.539711
3.540721
3.541730
3.542739
3.543748
3.544757
3.545766
3.546776
3.547785
3.548794
3.549803
3.550812
3.551822
3.552831
3.553840
3.554849
3.555858
3.556867
3.557877
3.558886
3.559895
3.560904
3.561913
3.562923
3.563932
3.564941
3.565950
3.566959
3.567969
3.568978
3.569987
3.570996
3.572005
3.573014
3.574024
3.575033
3.576042
3.577051
3.578060
3.579070
3.580079
3.581088
3.582097
3.583106
3.584115
3.585125
3.586134
3.587143
3.588152
3.589161
3.590171
3.591180
3.592189
3.593198
3.594207
3.595216
3.596226
3.597235
3.598244
3.599253
3.600262
3.601272
3.602281
3.603290
3.604299
3.605308
3.606317
3.607327
3.608336
3.609345
3.610354
3.611363
3.612373
3.613382
3.614391
3.615400
3.616409
3.617419
3.618428
3.619437
3.620446
3.621455
3.622464
3.623474
3.624483
3.625492
3.626501
3.627510
3.628520
3.629529
3.630538
3.631547
3.632556
3.633565
3.634575
3.635584
3.636593
3.637602
3.638611
3.639621
3.640630
3.641639
3.642648
3.643657
3.644666
3.645676
3.646685
3.647694
3.648703
3.649712
3.650722
3.651731
3.652740
3.653749
3.654758
3.655767
3.656777
3.657786
3.658795
3.659804
3.660813
3.661823
3.662832
3.663841
3.664850
3.665859
3.666869
3.667878
3.668887
3.669896
3.670905
3.671914
3.672924
3.673933
3.674942
3.675951
3.676960
3.677970
3.678979
3.679988
3.680997
3.682006
3.683015
3.684025
3.685034
3.686043
3.687052
3.688061
3.689071
3.690080
3.691089
3.692098
3.693107
3.694116
3.695126
3.696135
3.697144
3.698153
3.699162
3.700172
3.701181
3.702190
3.703199
3.704208
3.705217
3.706227
3.707236
3.708245
3.709254
3.710263
3.711273
3.712282
3.713291
3.714300
3.715309
3.716318
3.717328
3.718337
3.719346
3.720355
3.721364
3.722374
3.723383
3.724392
3.725401
3.726410
3.727420
3.728429
3.729438
3.730447
3.731456
3.732465
3.733475
3.734484
3.735493
3.736502
3.737511
3.738521
3.739530
3.740539
3.741548
3.742557
3.743566
3.744576
3.745585
3.746594
3.747603
3.748612
3.749622
3.750631
3.751640
3.752649
3.753658
3.754667
3.755677
3.756686
3.757695
3.758704
3.759713
3.760723
3.761732
3.762741
3.763750
3.764759
3.765768
3.766778
3.767787
3.768796
3.769805
3.770814
3.771824
3.772833
3.773842
3.774851
3.775860
3.776870
3.777879
3.778888
3.779897
3.780906
3.781915
3.782925
3.783934
3.784943
3.785952
3.786961
3.787971
3.788980
3.789989
3.790998
3.792007
3.793016
3.794026
3.795035
3.796044
3.797053
3.798062
3.799072
3.800081
3.801090
3.802099
3.803108
3.804117
3.805127
3.806136
3.807145
3.808154
3.809163
3.810173
3.811182
3.812191
3.813200
3.814209
3.815218
3.816228
3.817237
3.818246
3.819255
3.820264
3.821274
3.822283
3.823292
3.824301
3.825310
3.826320
3.827329
3.828338
3.829347
3.830356
3.831365
3.832375
3.833384
3.834393
3.835402
3.836411
3.837421
3.838430
3.839439
3.840448
3.841457
3.842466
3.843476
3.844485
3.845494
3.846503
3.847512
3.848522
3.849531
3.850540
3.851549
3.852558
3.853567
3.854577
3.855586
3.856595
3.857604
3.858613
3.859623
3.860632
3.861641
3.862650
3.863659
3.864668
3.865678
3.866687
3.867696
3.868705
3.869714
3.870724
3.871733
3.872742
3.873751
3.874760
3.875770
3.876779
3.877788
3.878797
3.879806
3.880815
3.881825
3.882834
3.883843
3.884852
3.885861
3.886871
3.887880
3.888889
3.889898
3.890907
3.891916
3.892926
3.893935
3.894944
3.895953
3.896962
3.897972
3.898981
3.899990
3.900999
3.902008
3.903017
3.904027
3.905036
3.906045
3.907054
3.908063
3.909073
3.910082
3.911091
3.912100
3.913109
3.914118
3.915128
3.916137
3.917146
3.918155
3.919164
3.920174
3.921183
3.922192
3.923201
3.924210
3.925219
3.926229
3.927238
3.928247
3.929256
3.930265
3.931275
3.932284
3.933293
3.934302
3.935311
3.936321
3.937330
3.938339
3.939348
3.940357
3.941366
3.942376
3.943385
3.944394
3.945403
3.946412
3.947422
3.948431
3.949440
3.950449
3.951458
3.952467
3.953477
3.954486
3.955495
3.956504
3.957513
3.958523
3.959532
3.960541
3.961550
3.962559
3.963568
3.964578
3.965587
3.966596
3.967605
3.968614
3.969624
3.970633
3.971642
3.972651
3.973660
3.974669
3.975679
3.976688
3.977697
3.978706
3.979715
3.980725
3.981734
3.982743
3.983752
3.984761
3.985771
3.986780
3.987789
3.988798
3.989807
3.990816
3.991826
3.992835
3.993844
3.994853
3.995862
3.996872
3.997881
3.998890
3.999899
4.000908
4.001917
4.002927
4.003936
4.004945
4.005954
4.006963
4.007973
4.008982
4.009991
4.011000
4.012009
4.013018
4.014028
4.015037
4.016046
4.017055
4.018064
4.019074
4.020083
4.021092
4.022101
4.023110
4.024119
4.025129
4.026138
4.027147
4.028156
4.029165
4.030175
4.031184
4.032193
4.033202
4.034211
4.035221
4.036230
4.037239
4.038248
4.039257
4.040266
4.041276
4.042285
4.043294
4.044303
4.045312
4.046322
4.047331
4.048340
4.049349
4.050358
4.051367
4.052377
4.053386
4.054395
4.055404
4.056413
4.057423
4.058432
4.059441
4.060450
4.061459
4.062468
4.063478
4.064487
4.065496
4.066505
4.067514
4.068524
4.069533
4.070542
4.071551
4.072560
4.073569
4.074579
4.075588
4.076597
4.077606
4.078615
4.079625
4.080634
4.081643
4.082652
4.083661
4.084671
4.085680
4.086689
4.087698
4.088707
4.089716
4.090726
4.091735
4.092744
4.093753
4.094762
4.095772
4.096781
4.097790
4.098799
4.099808
4.100817
4.101827
4.102836
4.103845
4.104854
4.105863
4.106873
4.107882
4.108891
4.109900
4.110909
4.111918
4.112928
4.113937
4.114946
4.115955
4.116964
4.117974
4.118983
4.119992
4.121001
4.122010
4.123019
4.124029
4.125038
4.126047
4.127056
4.128065
4.129075
4.130084
4.131093
4.132102
4.133111
4.134120
4.135130
4.136139
4.137148
4.138157
4.139166
4.140176
4.141185
4.142194
4.143203
4.144212
4.145222
4.146231
4.147240
4.148249
4.149258
4.150267
4.151277
4.152286
4.153295
4.154304
4.155313
4.156323
4.157332
4.158341
4.159350
4.160359
4.161368
4.162378
4.163387
4.164396
4.165405
4.166414
4.167424
4.168433
4.169442
4.170451
4.171460
4.172469
4.173479
4.174488
4.175497
4.176506
4.177515
4.178525
4.179534
4.180543
4.181552
4.182561
4.183570
4.184580
4.185589
4.186598
4.187607
4.188616
4.189626
4.190635
4.191644
4.192653
4.193662
4.194672
4.195681
4.196690
4.197699
4.198708
4.199717
4.200727
4.201736
4.202745
4.203754
4.204763
4.205773
4.206782
4.207791
4.208800
4.209809
4.210818
4.211828
4.212837
4.213846
4.214855
4.215864
4.216874
4.217883
4.218892
4.219901
4.220910
4.221919
4.222929
4.223938
4.224947
4.225956
4.226965
4.227975
4.228984
4.229993
4.231002
4.232011
4.233020
4.234030
4.235039
4.236048
4.237057
4.238066
4.239076
4.240085
4.241094
4.242103
4.243112
4.244122
4.245131
4.246140
4.247149
4.248158
4.249167
4.250177
4.251186
4.252195
4.253204
4.254213
4.255223
4.256232
4.257241
4.258250
4.259259
4.260268
4.261278
4.262287
4.263296
4.264305
4.265314
4.266324
4.267333
4.268342
4.269351
4.270360
4.271369
4.272379
4.273388
4.274397
4.275406
4.276415
4.277425
4.278434
4.279443
4.280452
4.281461
4.282470
4.283480
4.284489
4.285498
4.286507
4.287516
4.288526
4.289535
4.290544
4.291553
4.292562
4.293572
4.294581
4.295590
4.296599
4.297608
4.298617
4.299627
4.300636
4.301645
4.302654
4.303663
4.304673
4.305682
4.306691
4.307700
4.308709
4.309718
4.310728
4.311737
4.312746
4.313755
4.314764
4.315774
4.316783
4.317792
4.318801
4.319810
4.320819
4.321829
4.322838
4.323847
4.324856
4.325865
4.326875
4.327884
4.328893
4.329902
4.330911
4.331920
4.332930
4.333939
4.334948
4.335957
4.336966
4.337976
4.338985
4.339994
4.341003
4.342012
4.343021
4.344031
4.345040
4.346049
4.347058
4.348067
4.349077
4.350086
4.351095
4.352104
4.353113
4.354123
4.355132
4.356141
4.357150
4.358159
4.359168
4.360178
4.361187
4.362196
4.363205
4.364214
4.365224
4.366233
4.367242
4.368251
4.369260
4.370269
4.371279
4.372288
4.373297
4.374306
4.375315
4.376325
4.377334
4.378343
4.379352
4.380361
4.381370
4.382380
4.383389
4.384398
4.385407
4.386416
4.387426
4.388435
4.389444
4.390453
4.391462
4.392471
4.393481
4.394490
4.395499
4.396508
4.397517
4.398527
4.399536
4.400545
4.401554
4.402563
4.403573
4.404582
4.405591
4.406600
4.407609
4.408618
4.409628
4.410637
4.411646
4.412655
4.413664
4.414674
4.415683
4.416692
4.417701
4.418710
4.419719
4.420729
4.421738
4.422747
4.423756
4.424765
4.425775
4.426784
4.427793
4.428802
4.429811
4.430820
4.431830
4.432839
4.433848
4.434857
4.435866
4.436876
4.437885
4.438894
4.439903
4.440912
4.441921
4.442931
4.443940
4.444949
4.445958
4.446967
4.447977
4.448986
4.449995
4.451004
4.452013
4.453023
4.454032
4.455041
4.456050
4.457059
4.458068
4.459078
4.460087
4.461096
4.462105
4.463114
4.464124
4.465133
4.466142
4.467151
4.468160
4.469169
4.470179
4.471188
4.472197
4.473206
4.474215
4.475225
4.476234
4.477243
4.478252
4.479261
4.480270
4.481280
4.482289
4.483298
4.484307
4.485316
4.486326
4.487335
4.488344
4.489353
4.490362
4.491371
4.492381
4.493390
4.494399
4.495408
4.496417
4.497427
4.498436
4.499445
4.500454
4.501463
4.502472
4.503482
4.504491
4.505500
4.506509
4.507518
4.508528
4.509537
4.510546
4.511555
4.512564
4.513574
4.514583
4.515592
4.516601
4.517610
4.518619
4.519629
4.520638
4.521647
4.522656
4.523665
4.524675
4.525684
4.526693
4.527702
4.528711
4.529720
4.530730
4.531739
4.532748
4.533757
4.534766
4.535776
4.536785
4.537794
4.538803
4.539812
4.540821
4.541831
4.542840
4.543849
4.544858
4.545867
4.546877
4.547886
4.548895
4.549904
4.550913
4.551922
4.552932
4.553941
4.554950
4.555959
4.556968
4.557978
4.558987
4.559996
4.561005
4.562014
4.563024
4.564033
4.565042
4.566051
4.567060
4.568069
4.569079
4.570088
4.571097
4.572106
4.573115
4.574125
4.575134
4.576143
4.577152
4.578161
4.579170
4.580180
4.581189
4.582198
4.583207
4.584216
4.585226
4.586235
4.587244
4.588253
4.589262
4.590271
4.591281
4.592290
4.593299
4.594308
4.595317
4.596327
4.597336
4.598345
4.599354
4.600363
4.601372
4.602382
4.603391
4.604400
4.605409
4.606418
4.607428
4.608437
4.609446
4.610455
4.611464
4.612474
4.613483
4.614492
4.615501
4.616510
4.617519
4.618529
4.619538
4.620547
4.621556
4.622565
4.623575
4.624584
4.625593
4.626602
4.627611
4.628620
4.629630
4.630639
4.631648
4.632657
4.633666
4.634676
4.635685
4.636694
4.637703
4.638712
4.639721
4.640731
4.641740
4.642749
4.643758
4.644767
4.645777
4.646786
4.647795
4.648804
4.649813
4.650822
4.651832
4.652841
4.653850
4.654859
4.655868
4.656878
4.657887
4.658896
4.659905
4.660914
4.661924
4.662933
4.663942
4.664951
4.665960
4.666969
4.667979
4.668988
4.669997
4.671006
4.672015
4.673025
4.674034
4.675043
4.676052
4.677061
4.678070
4.679080
4.680089
4.681098
4.682107
4.683116
4.684126
4.685135
4.686144
4.687153
4.688162
4.689171
4.690181
4.691190
4.692199
4.693208
4.694217
4.695227
4.696236
4.697245
4.698254
4.699263
4.700272
4.701282
4.702291
4.703300
4.704309
4.705318
4.706328
4.707337
4.708346
4.709355
4.710364
4.711373
4.712383
4.713392
4.714401
4.715410
4.716419
4.717429
4.718438
4.719447
4.720456
4.721465
4.722475
4.723484
4.724493
4.725502
4.726511
4.727520
4.728530
4.729539
4.730548
4.731557
4.732566
4.733576
4.734585
4.735594
4.736603
4.737612
4.738621
4.739631
4.740640
4.741649
4.742658
4.743667
4.744677
4.745686
4.746695
4.747704
4.748713
4.749722
4.750732
4.751741
4.752750
4.753759
4.754768
4.755778
4.756787
4.757796
4.758805
4.759814
4.760823
4.761833
4.762842
4.763851
4.764860
4.765869
4.766879
4.767888
4.768897
4.769906
4.770915
4.771925
4.772934
4.773943
4.774952
4.775961
4.776970
4.777980
4.778989
4.779998
4.781007
4.782016
4.783026
4.784035
4.785044
4.786053
4.787062
4.788071
4.789081
4.790090
4.791099
4.792108
4.793117
4.794127
4.795136
4.796145
4.797154
4.798163
4.799172
4.800182
4.801191
4.802200
4.803209
4.804218
4.805228
4.806237
4.807246
4.808255
4.809264
4.810273
4.811283
4.812292
4.813301
4.814310
4.815319
4.816329
4.817338
4.818347
4.819356
4.820365
4.821375
4.822384
4.823393
4.824402
4.825411
4.826420
4.827430
4.828439
4.829448
4.830457
4.831466
4.832476
4.833485
4.834494
4.835503
4.836512
4.837521
4.838531
4.839540
4.840549
4.841558
4.842567
4.843577
4.844586
4.845595
4.846604
4.847613
4.848622
4.849632
4.850641
4.851650
4.852659
4.853668
4.854678
4.855687
4.856696
4.857705
4.858714
4.859723
4.860733
4.861742
4.862751
4.863760
4.864769
4.865779
4.866788
4.867797
4.868806
4.869815
4.870825
4.871834
4.872843
4.873852
4.874861
4.875870
4.876880
4.877889
4.878898
4.879907
4.880916
4.881926
4.882935
4.883944
4.884953
4.885962
4.886971
4.887981
4.888990
4.889999
4.891008
4.892017
4.893027
4.894036
4.895045
4.896054
4.897063
4.898072
4.899082
4.900091
4.901100
4.902109
4.903118
4.904128
4.905137
4.906146
4.907155
4.908164
4.909173
4.910183
4.911192
4.912201
4.913210
4.914219
4.915229
4.916238
4.917247
4.918256
4.919265
4.920274
4.921284
4.922293
4.923302
4.924311
4.925320
4.926330
4.927339
4.928348
4.929357
4.930366
4.931376
4.932385
4.933394
4.934403
4.935412
4.936421
4.937431
4.938440
4.939449
4.940458
4.941467
4.942477
4.943486
4.944495
4.945504
4.946513
4.947522
4.948532
4.949541
4.950550
4.951559
4.952568
4.953578
4.954587
4.955596
4.956605
4.957614
4.958623
4.959633
4.960642
4.961651
4.962660
4.963669
4.964679
4.965688
4.966697
4.967706
4.968715
4.969724
4.970734
4.971743
4.972752
4.973761
4.974770
4.975780
4.976789
4.977798
4.978807
4.979816
4.980826
4.981835
4.982844
4.983853
4.984862
4.985871
4.986881
4.987890
4.988899
4.989908
4.990917
4.991927
4.992936
4.993945
4.994954
4.995963
4.996972
4.997982
4.998991
