0.000101
0.000202
0.000303
0.000404
0.000505
0.000606
0.000706
0.000807
0.000908
0.001009
0.001110
0.001211
0.001312
0.001413
0.001514
0.001615
0.001716
0.001817
0.001917
0.002018
0.002119
0.002220
0.002321
0.002422
0.002523
0.002624
0.002725
0.002826
0.002927
0.003028
0.003128
0.003229
0.003330
0.003431
0.003532
0.003633
0.003734
0.003835
0.003936
0.004037
0.004138
0.004239
0.004339
0.004440
0.004541
0.004642
0.004743
0.004844
0.004945
0.005046
0.005147
0.005248
0.005349
0.005450
0.005551
0.005651
0.005752
0.005853
0.005954
0.006055
0.006156
0.006257
0.006358
0.006459
0.006560
0.006661
0.006762
0.006862
0.006963
0.007064
0.007165
0.007266
0.007367
0.007468
0.007569
0.007670
0.007771
0.007872
0.007973
0.008073
0.008174
0.008275
0.008376
0.008477
0.008578
0.008679
0.008780
0.008881
0.008982
0.009083
0.009184
0.009284
0.009385
0.009486
0.009587
0.009688
0.009789
0.009890
0.009991
0.010092
0.010193
0.010294
0.010395
0.010496
0.010596
0.010697
0.010798
0.010899
0.011000
0.011101
0.011202
0.011303
0.011404
0.011505
0.011606
0.011707
0.011807
0.011908
0.012009
0.012110
0.012211
0.012312
0.012413
0.012514
0.012615
0.012716
0.012817
0.012918
0.013018
0.013119
0.013220
0.013321
0.013422
0.013523
0.013624
0.013725
0.013826
0.013927
0.014028
0.014129
0.014229
0.014330
0.014431
0.014532
0.014633
0.014734
0.014835
0.014936
0.015037
0.015138
0.015239
0.015340
0.015441
0.015541
0.015642
0.015743
0.015844
0.015945
0.016046
0.016147
0.016248
0.016349
0.016450
0.016551
0.016652
0.016752
0.016853
0.016954
0.017055
0.017156
0.017257
0.017358
0.017459
0.017560
0.017661
0.017762
0.017863
0.017963
0.018064
0.018165
0.018266
0.018367
0.018468
0.018569
0.018670
0.018771
0.018872
0.018973
0.019074
0.019174
0.019275
0.019376
0.019477
0.019578
0.019679
0.019780
0.019881
0.019982
0.020083
0.020184
0.020285
0.020386
0.020486
0.020587
0.020688
0.020789
0.020890
0.020991
0.021092
0.021193
0.021294
0.021395
0.021496
0.021597
0.021697
0.021798
0.021899
0.022000
0.022101
0.022202
0.022303
0.022404
0.022505
0.022606
0.022707
0.022808
0.022908
0.023009
0.023110
0.023211
0.023312
0.023413
0.023514
0.023615
0.023716
0.023817
0.023918
0.024019
0.024119
0.024220
0.024321
0.024422
0.024523
0.024624
0.024725
0.024826
0.024927
0.025028
0.025129
0.025230
0.025331
0.025431
0.025532
0.025633
0.025734
0.025835
0.025936
0.026037
0.026138
0.026239
0.026340
0.026441
0.026542
0.026642
0.026743
0.026844
0.026945
0.027046
0.027147
0.027248
0.027349
0.027450
0.027551
0.027652
0.027753
0.027853
0.027954
0.028055
0.028156
0.028257
0.028358
0.028459
0.028560
0.028661
0.028762
0.028863
0.028964
0.029064
0.029165
0.029266
0.029367
0.029468
0.029569
0.029670
0.029771
0.029872
0.029973
0.030074
0.030175
0.030276
0.030376
0.030477
0.030578
0.030679
0.030780
0.030881
0.030982
0.031083
0.031184
0.031285
0.031386
0.031487
0.031587
0.031688
0.031789
0.031890
0.031991
0.032092
0.032193
0.032294
0.032395
0.032496
0.032597
0.032698
0.032798
0.032899
0.033000
0.033101
0.033202
0.033303
0.033404
0.033505
0.033606
0.033707
0.033808
0.033909
0.034009
0.034110
0.034211
0.034312
0.034413
0.034514
0.034615
0.034716
0.034817
0.034918
0.035019
0.035120
0.035221
0.035321
0.035422
0.035523
0.035624
0.035725
0.035826
0.035927
0.036028
0.036129
0.036230
0.036331
0.036432
0.036532
0.036633
0.036734
0.036835
0.036936
0.037037
0.037138
0.037239
0.037340
0.037441
0.037542
0.037643
0.037743
0.037844
0.037945
0.038046
0.038147
0.038248
0.038349
0.038450
0.038551
0.038652
0.038753
0.038854
0.038954
0.039055
0.039156
0.039257
0.039358
0.039459
0.039560
0.039661
0.039762
0.039863
0.039964
0.040065
0.040166
0.040266
0.040367
0.040468
0.040569
0.040670
0.040771
0.040872
0.040973
0.041074
0.041175
0.041276
0.041377
0.041477
0.041578
0.041679
0.041780
0.041881
0.041982
0.042083
0.042184
0.042285
0.042386
0.042487
0.042588
0.042688
0.042789
0.042890
0.042991
0.043092
0.043193
0.043294
0.043395
0.043496
0.043597
0.043698
0.043799
0.043899
0.044000
0.044101
0.044202
0.044303
0.044404
0.044505
0.044606
0.044707
0.044808
0.044909
0.045010
0.045111
0.045211
0.045312
0.045413
0.045514
0.045615
0.045716
0.045817
0.045918
0.046019
0.046120
0.046221
0.046322
0.046422
0.046523
0.046624
0.046725
0.046826
0.046927
0.047028
0.047129
0.047230
0.047331
0.047432
0.047533
0.047633
0.047734
0.047835
0.047936
0.048037
0.048138
0.048239
0.048340
0.048441
0.048542
0.048643
0.048744
0.048844
0.048945
0.049046
0.049147
0.049248
0.049349
0.049450
0.049551
0.049652
0.049753
0.049854
0.049955
0.050056
0.050156
0.050257
0.050358
0.050459
0.050560
0.050661
0.050762
0.050863
0.050964
0.051065
0.051166
0.051267
0.051367
0.051468
0.051569
0.051670
0.051771
0.051872
0.051973
0.052074
0.052175
0.052276
0.052377
0.052478
0.052578
0.052679
0.052780
0.052881
0.052982
0.053083
0.053184
0.053285
0.053386
0.053487
0.053588
0.053689
0.053789
0.053890
0.053991
0.054092
0.054193
0.054294
0.054395
0.054496
0.054597
0.054698
0.054799
0.054900
0.055001
0.055101
0.055202
0.055303
0.055404
0.055505
0.055606
0.055707
0.055808
0.055909
0.056010
0.056111
0.056212
0.056312
0.056413
0.056514
0.056615
0.056716
0.056817
0.056918
0.057019
0.057120
0.057221
0.057322
0.057423
0.057523
0.057624
0.057725
0.057826
0.057927
0.058028
0.058129
0.058230
0.058331
0.058432
0.058533
0.058634
0.058734
0.058835
0.058936
0.059037
0.059138
0.059239
0.059340
0.059441
0.059542
0.059643
0.059744
0.059845
0.059946
0.060046
0.060147
0.060248
0.060349
0.060450
0.060551
0.060652
0.060753
0.060854
0.060955
0.061056
0.061157
0.061257
0.061358
0.061459
0.061560
0.061661
0.061762
0.061863
0.061964
0.062065
0.062166
0.062267
0.062368
0.062468
0.062569
0.062670
0.062771
0.062872
0.062973
0.063074
0.063175
0.063276
0.063377
0.063478
0.063579
0.063679
0.063780
0.063881
0.063982
0.064083
0.064184
0.064285
0.064386
0.064487
0.064588
0.064689
0.064790
0.064891
0.064991
0.065092
0.065193
0.065294
0.065395
0.065496
0.065597
0.065698
0.065799
0.065900
0.066001
0.066102
0.066202
0.066303
0.066404
0.066505
0.066606
0.066707
0.066808
0.066909
0.067010
0.067111
0.067212
0.067313
0.067413
0.067514
0.067615
0.067716
0.067817
0.067918
0.068019
0.068120
0.068221
0.068322
0.068423
0.068524
0.068624
0.068725
0.068826
0.068927
0.069028
0.069129
0.069230
0.069331
0.069432
0.069533
0.069634
0.069735
0.069836
0.069936
0.070037
0.070138
0.070239
0.070340
0.070441
0.070542
0.070643
0.070744
0.070845
0.070946
0.071047
0.071147
0.071248
0.071349
0.071450
0.071551
0.071652
0.071753
0.071854
0.071955
0.072056
0.072157
0.072258
0.072358
0.072459
0.072560
0.072661
0.072762
0.072863
0.072964
0.073065
0.073166
0.073267
0.073368
0.073469
0.073569
0.073670
0.073771
0.073872
0.073973
0.074074
0.074175
0.074276
0.074377
0.074478
0.074579
0.074680
0.074781
0.074881
0.074982
0.075083
0.075184
0.075285
0.075386
0.075487
0.075588
0.075689
0.075790
0.075891
0.075992
0.076092
0.076193
0.076294
0.076395
0.076496
0.076597
0.076698
0.076799
0.076900
0.077001
0.077102
0.077203
0.077303
0.077404
0.077505
0.077606
0.077707
0.077808
0.077909
0.078010
0.078111
0.078212
0.078313
0.078414
0.078514
0.078615
0.078716
0.078817
0.078918
0.079019
0.079120
0.079221
0.079322
0.079423
0.079524
0.079625
0.079726
0.079826
0.079927
0.080028
0.080129
0.080230
0.080331
0.080432
0.080533
0.080634
0.080735
0.080836
0.080937
0.081037
0.081138
0.081239
0.081340
0.081441
0.081542
0.081643
0.081744
0.081845
0.081946
0.082047
0.082148
0.082248
0.082349
0.082450
0.082551
0.082652
0.082753
0.082854
0.082955
0.083056
0.083157
0.083258
0.083359
0.083459
0.083560
0.083661
0.083762
0.083863
0.083964
0.084065
0.084166
0.084267
0.084368
0.084469
0.084570
0.084671
0.084771
0.084872
0.084973
0.085074
0.085175
0.085276
0.085377
0.085478
0.085579
0.085680
0.085781
0.085882
0.085982
0.086083
0.086184
0.086285
0.086386
0.086487
0.086588
0.086689
0.086790
0.086891
0.086992
0.087093
0.087193
0.087294
0.087395
0.087496
0.087597
0.087698
0.087799
0.087900
0.088001
0.088102
0.088203
0.088304
0.088404
0.088505
0.088606
0.088707
0.088808
0.088909
0.089010
0.089111
0.089212
0.089313
0.089414
0.089515
0.089616
0.089716
0.089817
0.089918
0.090019
0.090120
0.090221
0.090322
0.090423
0.090524
0.090625
0.090726
0.090827
0.090927
0.091028
0.091129
0.091230
0.091331
0.091432
0.091533
0.091634
0.091735
0.091836
0.091937
0.092038
0.092138
0.092239
0.092340
0.092441
0.092542
0.092643
0.092744
0.092845
0.092946
0.093047
0.093148
0.093249
0.093349
0.093450
0.093551
0.093652
0.093753
0.093854
0.093955
0.094056
0.094157
0.094258
0.094359
0.094460
0.094561
0.094661
0.094762
0.094863
0.094964
0.095065
0.095166
0.095267
0.095368
0.095469
0.095570
0.095671
0.095772
0.095872
0.095973
0.096074
0.096175
0.096276
0.096377
0.096478
0.096579
0.096680
0.096781
0.096882
0.096983
0.097083
0.097184
0.097285
0.097386
0.097487
0.097588
0.097689
0.097790
0.097891
0.097992
0.098093
0.098194
0.098294
0.098395
0.098496
0.098597
0.098698
0.098799
0.098900
0.099001
0.099102
0.099203
0.099304
0.099405
0.099506
0.099606
0.099707
0.099808
0.099909
0.100010
0.100111
0.100212
0.100313
0.100414
0.100515
0.100616
0.100717
0.100817
0.100918
0.101019
0.101120
0.101221
0.101322
0.101423
0.101524
0.101625
0.101726
0.101827
0.101928
0.102028
0.102129
0.102230
0.102331
0.102432
0.102533
0.102634
0.102735
0.102836
0.102937
0.103038
0.103139
0.103239
0.103340
0.103441
0.103542
0.103643
0.103744
0.103845
0.103946
0.104047
0.104148
0.104249
0.104350
0.104450
0.104551
0.104652
0.104753
0.104854
0.104955
0.105056
0.105157
0.105258
0.105359
0.105460
0.105561
0.105662
0.105762
0.105863
0.105964
0.106065
0.106166
0.106267
0.106368
0.106469
0.106570
0.106671
0.106772
0.106873
0.106973
0.107074
0.107175
0.107276
0.107377
0.107478
0.107579
0.107680
0.107781
0.107882
0.107983
0.108084
0.108184
0.108285
0.108386
0.108487
0.108588
0.108689
0.108790
0.108891
0.108992
0.109093
0.109194
0.109295
0.109395
0.109496
0.109597
0.109698
0.109799
0.109900
0.110001
0.110102
0.110203
0.110304
0.110405
0.110506
0.110607
0.110707
0.110808
0.110909
0.111010
0.111111
0.111212
0.111313
0.111414
0.111515
0.111616
0.111717
0.111818
0.111918
0.112019
0.112120
0.112221
0.112322
0.112423
0.112524
0.112625
0.112726
0.112827
0.112928
0.113029
0.113129
0.113230
0.113331
0.113432
0.113533
0.113634
0.113735
0.113836
0.113937
0.114038
0.114139
0.114240
0.114340
0.114441
0.114542
0.114643
0.114744
0.114845
0.114946
0.115047
0.115148
0.115249
0.115350
0.115451
0.115552
0.115652
0.115753
0.115854
0.115955
0.116056
0.116157
0.116258
0.116359
0.116460
0.116561
0.116662
0.116763
0.116863
0.116964
0.117065
0.117166
0.117267
0.117368
0.117469
0.117570
0.117671
0.117772
0.117873
0.117974
0.118074
0.118175
0.118276
0.118377
0.118478
0.118579
0.118680
0.118781
0.118882
0.118983
0.119084
0.119185
0.119285
0.119386
0.119487
0.119588
0.119689
0.119790
0.119891
0.119992
0.120093
0.120194
0.120295
0.120396
0.120497
0.120597
0.120698
0.120799
0.120900
0.121001
0.121102
0.121203
0.121304
0.121405
0.121506
0.121607
0.121708
0.121808
0.121909
0.122010
0.122111
0.122212
0.122313
0.122414
0.122515
0.122616
0.122717
0.122818
0.122919
0.123019
0.123120
0.123221
0.123322
0.123423
0.123524
0.123625
0.123726
0.123827
0.123928
0.124029
0.124130
0.124230
0.124331
0.124432
0.124533
0.124634
0.124735
0.124836
0.124937
0.125038
0.125139
0.125240
0.125341
0.125442
0.125542
0.125643
0.125744
0.125845
0.125946
0.126047
0.126148
0.126249
0.126350
0.126451
0.126552
0.126653
0.126753
0.126854
0.126955
0.127056
0.127157
0.127258
0.127359
0.127460
0.127561
0.127662
0.127763
0.127864
0.127964
0.128065
0.128166
0.128267
0.128368
0.128469
0.128570
0.128671
0.128772
0.128873
0.128974
0.129075
0.129175
0.129276
0.129377
0.129478
0.129579
0.129680
0.129781
0.129882
0.129983
0.130084
0.130185
0.130286
0.130387
0.130487
0.130588
0.130689
0.130790
0.130891
0.130992
0.131093
0.131194
0.131295
0.131396
0.131497
0.131598
0.131698
0.131799
0.131900
0.132001
0.132102
0.132203
0.132304
0.132405
0.132506
0.132607
0.132708
0.132809
0.132909
0.133010
0.133111
0.133212
0.133313
0.133414
0.133515
0.133616
0.133717
0.133818
0.133919
0.134020
0.134120
0.134221
0.134322
0.134423
0.134524
0.134625
0.134726
0.134827
0.134928
0.135029
0.135130
0.135231
0.135332
0.135432
0.135533
0.135634
0.135735
0.135836
0.135937
0.136038
0.136139
0.136240
0.136341
0.136442
0.136543
0.136643
0.136744
0.136845
0.136946
0.137047
0.137148
0.137249
0.137350
0.137451
0.137552
0.137653
0.137754
0.137854
0.137955
0.138056
0.138157
0.138258
0.138359
0.138460
0.138561
0.138662
0.138763
0.138864
0.138965
0.139065
0.139166
0.139267
0.139368
0.139469
0.139570
0.139671
0.139772
0.139873
0.139974
0.140075
0.140176
0.140277
0.140377
0.140478
0.140579
0.140680
0.140781
0.140882
0.140983
0.141084
0.141185
0.141286
0.141387
0.141488
0.141588
0.141689
0.141790
0.141891
0.141992
0.142093
0.142194
0.142295
0.142396
0.142497
0.142598
0.142699
0.142799
0.142900
0.143001
0.143102
0.143203
0.143304
0.143405
0.143506
0.143607
0.143708
0.143809
0.143910
0.144010
0.144111
0.144212
0.144313
0.144414
0.144515
0.144616
0.144717
0.144818
0.144919
0.145020
0.145121
0.145222
0.145322
0.145423
0.145524
0.145625
0.145726
0.145827
0.145928
0.146029
0.146130
0.146231
0.146332
0.146433
0.146533
0.146634
0.146735
0.146836
0.146937
0.147038
0.147139
0.147240
0.147341
0.147442
0.147543
0.147644
0.147744
0.147845
0.147946
0.148047
0.148148
0.148249
0.148350
0.148451
0.148552
0.148653
0.148754
0.148855
0.148955
0.149056
0.149157
0.149258
0.149359
0.149460
0.149561
0.149662
0.149763
0.149864
0.149965
0.150066
0.150167
0.150267
0.150368
0.150469
0.150570
0.150671
0.150772
0.150873
0.150974
0.151075
0.151176
0.151277
0.151378
0.151478
0.151579
0.151680
0.151781
0.151882
0.151983
0.152084
0.152185
0.152286
0.152387
0.152488
0.152589
0.152689
0.152790
0.152891
0.152992
0.153093
0.153194
0.153295
0.153396
0.153497
0.153598
0.153699
0.153800
0.153900
0.154001
0.154102
0.154203
0.154304
0.154405
0.154506
0.154607
0.154708
0.154809
0.154910
0.155011
0.155112
0.155212
0.155313
0.155414
0.155515
0.155616
0.155717
0.155818
0.155919
0.156020
0.156121
0.156222
0.156323
0.156423
0.156524
0.156625
0.156726
0.156827
0.156928
0.157029
0.157130
0.157231
0.157332
0.157433
0.157534
0.157634
0.157735
0.157836
0.157937
0.158038
0.158139
0.158240
0.158341
0.158442
0.158543
0.158644
0.158745
0.158845
0.158946
0.159047
0.159148
0.159249
0.159350
0.159451
0.159552
0.159653
0.159754
0.159855
0.159956
0.160057
0.160157
0.160258
0.160359
0.160460
0.160561
0.160662
0.160763
0.160864
0.160965
0.161066
0.161167
0.161268
0.161368
0.161469
0.161570
0.161671
0.161772
0.161873
0.161974
0.162075
0.162176
0.162277
0.162378
0.162479
0.162579
0.162680
0.162781
0.162882
0.162983
0.163084
0.163185
0.163286
0.163387
0.163488
0.163589
0.163690
0.163790
0.163891
0.163992
0.164093
0.164194
0.164295
0.164396
0.164497
0.164598
0.164699
0.164800
0.164901
0.165002
0.165102
0.165203
0.165304
0.165405
0.165506
0.165607
0.165708
0.165809
0.165910
0.166011
0.166112
0.166213
0.166313
0.166414
0.166515
0.166616
0.166717
0.166818
0.166919
0.167020
0.167121
0.167222
0.167323
0.167424
0.167524
0.167625
0.167726
0.167827
0.167928
0.168029
0.168130
0.168231
0.168332
0.168433
0.168534
0.168635
0.168735
0.168836
0.168937
0.169038
0.169139
0.169240
0.169341
0.169442
0.169543
0.169644
0.169745
0.169846
0.169947
0.170047
0.170148
0.170249
0.170350
0.170451
0.170552
0.170653
0.170754
0.170855
0.170956
0.171057
0.171158
0.171258
0.171359
0.171460
0.171561
0.171662
0.171763
0.171864
0.171965
0.172066
0.172167
0.172268
0.172369
0.172469
0.172570
0.172671
0.172772
0.172873
0.172974
0.173075
0.173176
0.173277
0.173378
0.173479
0.173580
0.173680
0.173781
0.173882
0.173983
0.174084
0.174185
0.174286
0.174387
0.174488
0.174589
0.174690
0.174791
0.174892
0.174992
0.175093
0.175194
0.175295
0.175396
0.175497
0.175598
0.175699
0.175800
0.175901
0.176002
0.176103
0.176203
0.176304
0.176405
0.176506
0.176607
0.176708
0.176809
0.176910
0.177011
0.177112
0.177213
0.177314
0.177414
0.177515
0.177616
0.177717
0.177818
0.177919
0.178020
0.178121
0.178222
0.178323
0.178424
0.178525
0.178625
0.178726
0.178827
0.178928
0.179029
0.179130
0.179231
0.179332
0.179433
0.179534
0.179635
0.179736
0.179837
0.179937
0.180038
0.180139
0.180240
0.180341
0.180442
0.180543
0.180644
0.180745
0.180846
0.180947
0.181048
0.181148
0.181249
0.181350
0.181451
0.181552
0.181653
0.181754
0.181855
0.181956
0.182057
0.182158
0.182259
0.182359
0.182460
0.182561
0.182662
0.182763
0.182864
0.182965
0.183066
0.183167
0.183268
0.183369
0.183470
0.183570
0.183671
0.183772
0.183873
0.183974
0.184075
0.184176
0.184277
0.184378
0.184479
0.184580
0.184681
0.184782
0.184882
0.184983
0.185084
0.185185
0.185286
0.185387
0.185488
0.185589
0.185690
0.185791
0.185892
0.185993
0.186093
0.186194
0.186295
0.186396
0.186497
0.186598
0.186699
0.186800
0.186901
0.187002
0.187103
0.187204
0.187304
0.187405
0.187506
0.187607
0.187708
0.187809
0.187910
0.188011
0.188112
0.188213
0.188314
0.188415
0.188515
0.188616
0.188717
0.188818
0.188919
0.189020
0.189121
0.189222
0.189323
0.189424
0.189525
0.189626
0.189727
0.189827
0.189928
0.190029
0.190130
0.190231
0.190332
0.190433
0.190534
0.190635
0.190736
0.190837
0.190938
0.191038
0.191139
0.191240
0.191341
0.191442
0.191543
0.191644
0.191745
0.191846
0.191947
0.192048
0.192149
0.192249
0.192350
0.192451
0.192552
0.192653
0.192754
0.192855
0.192956
0.193057
0.193158
0.193259
0.193360
0.193460
0.193561
0.193662
0.193763
0.193864
0.193965
0.194066
0.194167
0.194268
0.194369
0.194470
0.194571
0.194672
0.194772
0.194873
0.194974
0.195075
0.195176
0.195277
0.195378
0.195479
0.195580
0.195681
0.195782
0.195883
0.195983
0.196084
0.196185
0.196286
0.196387
0.196488
0.196589
0.196690
0.196791
0.196892
0.196993
0.197094
0.197194
0.197295
0.197396
0.197497
0.197598
0.197699
0.197800
0.197901
0.198002
0.198103
0.198204
0.198305
0.198405
0.198506
0.198607
0.198708
0.198809
0.198910
0.199011
0.199112
0.199213
0.199314
0.199415
0.199516
0.199617
0.199717
0.199818
0.199919
0.200020
0.200121
0.200222
0.200323
0.200424
0.200525
0.200626
0.200727
0.200828
0.200928
0.201029
0.201130
0.201231
0.201332
0.201433
0.201534
0.201635
0.201736
0.201837
0.201938
0.202039
0.202139
0.202240
0.202341
0.202442
0.202543
0.202644
0.202745
0.202846
0.202947
0.203048
0.203149
0.203250
0.203350
0.203451
0.203552
0.203653
0.203754
0.203855
0.203956
0.204057
0.204158
0.204259
0.204360
0.204461
0.204562
0.204662
0.204763
0.204864
0.204965
0.205066
0.205167
0.205268
0.205369
0.205470
0.205571
0.205672
0.205773
0.205873
0.205974
0.206075
0.206176
0.206277
0.206378
0.206479
0.206580
0.206681
0.206782
0.206883
0.206984
0.207084
0.207185
0.207286
0.207387
0.207488
0.207589
0.207690
0.207791
0.207892
0.207993
0.208094
0.208195
0.208295
0.208396
0.208497
0.208598
0.208699
0.208800
0.208901
0.209002
0.209103
0.209204
0.209305
0.209406
0.209507
0.209607
0.209708
0.209809
0.209910
0.210011
0.210112
0.210213
0.210314
0.210415
0.210516
0.210617
0.210718
0.210818
0.210919
0.211020
0.211121
0.211222
0.211323
0.211424
0.211525
0.211626
0.211727
0.211828
0.211929
0.212029
0.212130
0.212231
0.212332
0.212433
0.212534
0.212635
0.212736
0.212837
0.212938
0.213039
0.213140
0.213240
0.213341
0.213442
0.213543
0.213644
0.213745
0.213846
0.213947
0.214048
0.214149
0.214250
0.214351
0.214452
0.214552
0.214653
0.214754
0.214855
0.214956
0.215057
0.215158
0.215259
0.215360
0.215461
0.215562
0.215663
0.215763
0.215864
0.215965
0.216066
0.216167
0.216268
0.216369
0.216470
0.216571
0.216672
0.216773
0.216874
0.216974
0.217075
0.217176
0.217277
0.217378
0.217479
0.217580
0.217681
0.217782
0.217883
0.217984
0.218085
0.218185
0.218286
0.218387
0.218488
0.218589
0.218690
0.218791
0.218892
0.218993
0.219094
0.219195
0.219296
0.219397
0.219497
0.219598
0.219699
0.219800
0.219901
0.220002
0.220103
0.220204
0.220305
0.220406
0.220507
0.220608
0.220708
0.220809
0.220910
0.221011
0.221112
0.221213
0.221314
0.221415
0.221516
0.221617
0.221718
0.221819
0.221919
0.222020
0.222121
0.222222
0.222323
0.222424
0.222525
0.222626
0.222727
0.222828
0.222929
0.223030
0.223130
0.223231
0.223332
0.223433
0.223534
0.223635
0.223736
0.223837
0.223938
0.224039
0.224140
0.224241
0.224342
0.224442
0.224543
0.224644
0.224745
0.224846
0.224947
0.225048
0.225149
0.225250
0.225351
0.225452
0.225553
0.225653
0.225754
0.225855
0.225956
0.226057
0.226158
0.226259
0.226360
0.226461
0.226562
0.226663
0.226764
0.226864
0.226965
0.227066
0.227167
0.227268
0.227369
0.227470
0.227571
0.227672
0.227773
0.227874
0.227975
0.228075
0.228176
0.228277
0.228378
0.228479
0.228580
0.228681
0.228782
0.228883
0.228984
0.229085
0.229186
0.229287
0.229387
0.229488
0.229589
0.229690
0.229791
0.229892
0.229993
0.230094
0.230195
0.230296
0.230397
0.230498
0.230598
0.230699
0.230800
0.230901
0.231002
0.231103
0.231204
0.231305
0.231406
0.231507
0.231608
0.231709
0.231809
0.231910
0.232011
0.232112
0.232213
0.232314
0.232415
0.232516
0.232617
0.232718
0.232819
0.232920
0.233020
0.233121
0.233222
0.233323
0.233424
0.233525
0.233626
0.233727
0.233828
0.233929
0.234030
0.234131
0.234232
0.234332
0.234433
0.234534
0.234635
0.234736
0.234837
0.234938
0.235039
0.235140
0.235241
0.235342
0.235443
0.235543
0.235644
0.235745
0.235846
0.235947
0.236048
0.236149
0.236250
0.236351
0.236452
0.236553
0.236654
0.236754
0.236855
0.236956
0.237057
0.237158
0.237259
0.237360
0.237461
0.237562
0.237663
0.237764
0.237865
0.237965
0.238066
0.238167
0.238268
0.238369
0.238470
0.238571
0.238672
0.238773
0.238874
0.238975
0.239076
0.239177
0.239277
0.239378
0.239479
0.239580
0.239681
0.239782
0.239883
0.239984
0.240085
0.240186
0.240287
0.240388
0.240488
0.240589
0.240690
0.240791
0.240892
0.240993
0.241094
0.241195
0.241296
0.241397
0.241498
0.241599
0.241699
0.241800
0.241901
0.242002
0.242103
0.242204
0.242305
0.242406
0.242507
0.242608
0.242709
0.242810
0.242910
0.243011
0.243112
0.243213
0.243314
0.243415
0.243516
0.243617
0.243718
0.243819
0.243920
0.244021
0.244122
0.244222
0.244323
0.244424
0.244525
0.244626
0.244727
0.244828
0.244929
0.245030
0.245131
0.245232
0.245333
0.245433
0.245534
0.245635
0.245736
0.245837
0.245938
0.246039
0.246140
0.246241
0.246342
0.246443
0.246544
0.246644
0.246745
0.246846
0.246947
0.247048
0.247149
0.247250
0.247351
0.247452
0.247553
0.247654
0.247755
0.247855
0.247956
0.248057
0.248158
0.248259
0.248360
0.248461
0.248562
0.248663
0.248764
0.248865
0.248966
0.249067
0.249167
0.249268
0.249369
0.249470
0.249571
0.249672
0.249773
0.249874
0.249975
0.250076
0.250177
0.250278
0.250378
0.250479
0.250580
0.250681
0.250782
0.250883
0.250984
0.251085
0.251186
0.251287
0.251388
0.251489
0.251589
0.251690
0.251791
0.251892
0.251993
0.252094
0.252195
0.252296
0.252397
0.252498
0.252599
0.252700
0.252800
0.252901
0.253002
0.253103
0.253204
0.253305
0.253406
0.253507
0.253608
0.253709
0.253810
0.253911
0.254012
0.254112
0.254213
0.254314
0.254415
0.254516
0.254617
0.254718
0.254819
0.254920
0.255021
0.255122
0.255223
0.255323
0.255424
0.255525
0.255626
0.255727
0.255828
0.255929
0.256030
0.256131
0.256232
0.256333
0.256434
0.256534
0.256635
0.256736
0.256837
0.256938
0.257039
0.257140
0.257241
0.257342
0.257443
0.257544
0.257645
0.257745
0.257846
0.257947
0.258048
0.258149
0.258250
0.258351
0.258452
0.258553
0.258654
0.258755
0.258856
0.258957
0.259057
0.259158
0.259259
0.259360
0.259461
0.259562
0.259663
0.259764
0.259865
0.259966
0.260067
0.260168
0.260268
0.260369
0.260470
0.260571
0.260672
0.260773
0.260874
0.260975
0.261076
0.261177
0.261278
0.261379
0.261479
0.261580
0.261681
0.261782
0.261883
0.261984
0.262085
0.262186
0.262287
0.262388
0.262489
0.262590
0.262690
0.262791
0.262892
0.262993
0.263094
0.263195
0.263296
0.263397
0.263498
0.263599
0.263700
0.263801
0.263902
0.264002
0.264103
0.264204
0.264305
0.264406
0.264507
0.264608
0.264709
0.264810
0.264911
0.265012
0.265113
0.265213
0.265314
0.265415
0.265516
0.265617
0.265718
0.265819
0.265920
0.266021
0.266122
0.266223
0.266324
0.266424
0.266525
0.266626
0.266727
0.266828
0.266929
0.267030
0.267131
0.267232
0.267333
0.267434
0.267535
0.267635
0.267736
0.267837
0.267938
0.268039
0.268140
0.268241
0.268342
0.268443
0.268544
0.268645
0.268746
0.268847
0.268947
0.269048
0.269149
0.269250
0.269351
0.269452
0.269553
0.269654
0.269755
0.269856
0.269957
0.270058
0.270158
0.270259
0.270360
0.270461
0.270562
0.270663
0.270764
0.270865
0.270966
0.271067
0.271168
0.271269
0.271369
0.271470
0.271571
0.271672
0.271773
0.271874
0.271975
0.272076
0.272177
0.272278
0.272379
0.272480
0.272580
0.272681
0.272782
0.272883
0.272984
0.273085
0.273186
0.273287
0.273388
0.273489
0.273590
0.273691
0.273792
0.273892
0.273993
0.274094
0.274195
0.274296
0.274397
0.274498
0.274599
0.274700
0.274801
0.274902
0.275003
0.275103
0.275204
0.275305
0.275406
0.275507
0.275608
0.275709
0.275810
0.275911
0.276012
0.276113
0.276214
0.276314
0.276415
0.276516
0.276617
0.276718
0.276819
0.276920
0.277021
0.277122
0.277223
0.277324
0.277425
0.277525
0.277626
0.277727
0.277828
0.277929
0.278030
0.278131
0.278232
0.278333
0.278434
0.278535
0.278636
0.278737
0.278837
0.278938
0.279039
0.279140
0.279241
0.279342
0.279443
0.279544
0.279645
0.279746
0.279847
0.279948
0.280048
0.280149
0.280250
0.280351
0.280452
0.280553
0.280654
0.280755
0.280856
0.280957
0.281058
0.281159
0.281259
0.281360
0.281461
0.281562
0.281663
0.281764
0.281865
0.281966
0.282067
0.282168
0.282269
0.282370
0.282470
0.282571
0.282672
0.282773
0.282874
0.282975
0.283076
0.283177
0.283278
0.283379
0.283480
0.283581
0.283682
0.283782
0.283883
0.283984
0.284085
0.284186
0.284287
0.284388
0.284489
0.284590
0.284691
0.284792
0.284893
0.284993
0.285094
0.285195
0.285296
0.285397
0.285498
0.285599
0.285700
0.285801
0.285902
0.286003
0.286104
0.286204
0.286305
0.286406
0.286507
0.286608
0.286709
0.286810
0.286911
0.287012
0.287113
0.287214
0.287315
0.287415
0.287516
0.287617
0.287718
0.287819
0.287920
0.288021
0.288122
0.288223
0.288324
0.288425
0.288526
0.288627
0.288727
0.288828
0.288929
0.289030
0.289131
0.289232
0.289333
0.289434
0.289535
0.289636
0.289737
0.289838
0.289938
0.290039
0.290140
0.290241
0.290342
0.290443
0.290544
0.290645
0.290746
0.290847
0.290948
0.291049
0.291149
0.291250
0.291351
0.291452
0.291553
0.291654
0.291755
0.291856
0.291957
0.292058
0.292159
0.292260
0.292360
0.292461
0.292562
0.292663
0.292764
0.292865
0.292966
0.293067
0.293168
0.293269
0.293370
0.293471
0.293572
0.293672
0.293773
0.293874
0.293975
0.294076
0.294177
0.294278
0.294379
0.294480
0.294581
0.294682
0.294783
0.294883
0.294984
0.295085
0.295186
0.295287
0.295388
0.295489
0.295590
0.295691
0.295792
0.295893
0.295994
0.296094
0.296195
0.296296
0.296397
0.296498
0.296599
0.296700
0.296801
0.296902
0.297003
0.297104
0.297205
0.297305
0.297406
0.297507
0.297608
0.297709
0.297810
0.297911
0.298012
0.298113
0.298214
0.298315
0.298416
0.298517
0.298617
0.298718
0.298819
0.298920
0.299021
0.299122
0.299223
0.299324
0.299425
0.299526
0.299627
0.299728
0.299828
0.299929
0.300030
0.300131
0.300232
0.300333
0.300434
0.300535
0.300636
0.300737
0.300838
0.300939
0.301039
0.301140
0.301241
0.301342
0.301443
0.301544
0.301645
0.301746
0.301847
0.301948
0.302049
0.302150
0.302250
0.302351
0.302452
0.302553
0.302654
0.302755
0.302856
0.302957
0.303058
0.303159
0.303260
0.303361
0.303461
0.303562
0.303663
0.303764
0.303865
0.303966
0.304067
0.304168
0.304269
0.304370
0.304471
0.304572
0.304673
0.304773
0.304874
0.304975
0.305076
0.305177
0.305278
0.305379
0.305480
0.305581
0.305682
0.305783
0.305884
0.305984
0.306085
0.306186
0.306287
0.306388
0.306489
0.306590
0.306691
0.306792
0.306893
0.306994
0.307095
0.307195
0.307296
0.307397
0.307498
0.307599
0.307700
0.307801
0.307902
0.308003
0.308104
0.308205
0.308306
0.308406
0.308507
0.308608
0.308709
0.308810
0.308911
0.309012
0.309113
0.309214
0.309315
0.309416
0.309517
0.309618
0.309718
0.309819
0.309920
0.310021
0.310122
0.310223
0.310324
0.310425
0.310526
0.310627
0.310728
0.310829
0.310929
0.311030
0.311131
0.311232
0.311333
0.311434
0.311535
0.311636
0.311737
0.311838
0.311939
0.312040
0.312140
0.312241
0.312342
0.312443
0.312544
0.312645
0.312746
0.312847
0.312948
0.313049
0.313150
0.313251
0.313351
0.313452
0.313553
0.313654
0.313755
0.313856
0.313957
0.314058
0.314159
0.314260
0.314361
0.314462
0.314563
0.314663
0.314764
0.314865
0.314966
0.315067
0.315168
0.315269
0.315370
0.315471
0.315572
0.315673
0.315774
0.315874
0.315975
0.316076
0.316177
0.316278
0.316379
0.316480
0.316581
0.316682
0.316783
0.316884
0.316985
0.317085
0.317186
0.317287
0.317388
0.317489
0.317590
0.317691
0.317792
0.317893
0.317994
0.318095
0.318196
0.318296
0.318397
0.318498
0.318599
0.318700
0.318801
0.318902
0.319003
0.319104
0.319205
0.319306
0.319407
0.319508
0.319608
0.319709
0.319810
0.319911
0.320012
0.320113
0.320214
0.320315
0.320416
0.320517
0.320618
0.320719
0.320819
0.320920
0.321021
0.321122
0.321223
0.321324
0.321425
0.321526
0.321627
0.321728
0.321829
0.321930
0.322030
0.322131
0.322232
0.322333
0.322434
0.322535
0.322636
0.322737
0.322838
0.322939
0.323040
0.323141
0.323241
0.323342
0.323443
0.323544
0.323645
0.323746
0.323847
0.323948
0.324049
0.324150
0.324251
0.324352
0.324453
0.324553
0.324654
0.324755
0.324856
0.324957
0.325058
0.325159
0.325260
0.325361
0.325462
0.325563
0.325664
0.325764
0.325865
0.325966
0.326067
0.326168
0.326269
0.326370
0.326471
0.326572
0.326673
0.326774
0.326875
0.326975
0.327076
0.327177
0.327278
0.327379
0.327480
0.327581
0.327682
0.327783
0.327884
0.327985
0.328086
0.328186
0.328287
0.328388
0.328489
0.328590
0.328691
0.328792
0.328893
0.328994
0.329095
0.329196
0.329297
0.329398
0.329498
0.329599
0.329700
0.329801
0.329902
0.330003
0.330104
0.330205
0.330306
0.330407
0.330508
0.330609
0.330709
0.330810
0.330911
0.331012
0.331113
0.331214
0.331315
0.331416
0.331517
0.331618
0.331719
0.331820
0.331920
0.332021
0.332122
0.332223
0.332324
0.332425
0.332526
0.332627
0.332728
0.332829
0.332930
0.333031
0.333131
0.333232
0.333333
0.333434
0.333535
0.333636
0.333737
0.333838
0.333939
0.334040
0.334141
0.334242
0.334343
0.334443
0.334544
0.334645
0.334746
0.334847
0.334948
0.335049
0.335150
0.335251
0.335352
0.335453
0.335554
0.335654
0.335755
0.335856
0.335957
0.336058
0.336159
0.336260
0.336361
0.336462
0.336563
0.336664
0.336765
0.336865
0.336966
0.337067
0.337168
0.337269
0.337370
0.337471
0.337572
0.337673
0.337774
0.337875
0.337976
0.338076
0.338177
0.338278
0.338379
0.338480
0.338581
0.338682
0.338783
0.338884
0.338985
0.339086
0.339187
0.339288
0.339388
0.339489
0.339590
0.339691
0.339792
0.339893
0.339994
0.340095
0.340196
0.340297
0.340398
0.340499
0.340599
0.340700
0.340801
0.340902
0.341003
0.341104
0.341205
0.341306
0.341407
0.341508
0.341609
0.341710
0.341810
0.341911
0.342012
0.342113
0.342214
0.342315
0.342416
0.342517
0.342618
0.342719
0.342820
0.342921
0.343021
0.343122
0.343223
0.343324
0.343425
0.343526
0.343627
0.343728
0.343829
0.343930
0.344031
0.344132
0.344233
0.344333
0.344434
0.344535
0.344636
0.344737
0.344838
0.344939
0.345040
0.345141
0.345242
0.345343
0.345444
0.345544
0.345645
0.345746
0.345847
0.345948
0.346049
0.346150
0.346251
0.346352
0.346453
0.346554
0.346655
0.346755
0.346856
0.346957
0.347058
0.347159
0.347260
0.347361
0.347462
0.347563
0.347664
0.347765
0.347866
0.347966
0.348067
0.348168
0.348269
0.348370
0.348471
0.348572
0.348673
0.348774
0.348875
0.348976
0.349077
0.349178
0.349278
0.349379
0.349480
0.349581
0.349682
0.349783
0.349884
0.349985
0.350086
0.350187
0.350288
0.350389
0.350489
0.350590
0.350691
0.350792
0.350893
0.350994
0.351095
0.351196
0.351297
0.351398
0.351499
0.351600
0.351700
0.351801
0.351902
0.352003
0.352104
0.352205
0.352306
0.352407
0.352508
0.352609
0.352710
0.352811
0.352911
0.353012
0.353113
0.353214
0.353315
0.353416
0.353517
0.353618
0.353719
0.353820
0.353921
0.354022
0.354123
0.354223
0.354324
0.354425
0.354526
0.354627
0.354728
0.354829
0.354930
0.355031
0.355132
0.355233
0.355334
0.355434
0.355535
0.355636
0.355737
0.355838
0.355939
0.356040
0.356141
0.356242
0.356343
0.356444
0.356545
0.356645
0.356746
0.356847
0.356948
0.357049
0.357150
0.357251
0.357352
0.357453
0.357554
0.357655
0.357756
0.357856
0.357957
0.358058
0.358159
0.358260
0.358361
0.358462
0.358563
0.358664
0.358765
0.358866
0.358967
0.359068
0.359168
0.359269
0.359370
0.359471
0.359572
0.359673
0.359774
0.359875
0.359976
0.360077
0.360178
0.360279
0.360379
0.360480
0.360581
0.360682
0.360783
0.360884
0.360985
0.361086
0.361187
0.361288
0.361389
0.361490
0.361590
0.361691
0.361792
0.361893
0.361994
0.362095
0.362196
0.362297
0.362398
0.362499
0.362600
0.362701
0.362801
0.362902
0.363003
0.363104
0.363205
0.363306
0.363407
0.363508
0.363609
0.363710
0.363811
0.363912
0.364013
0.364113
0.364214
0.364315
0.364416
0.364517
0.364618
0.364719
0.364820
0.364921
0.365022
0.365123
0.365224
0.365324
0.365425
0.365526
0.365627
0.365728
0.365829
0.365930
0.366031
0.366132
0.366233
0.366334
0.366435
0.366535
0.366636
0.366737
0.366838
0.366939
0.367040
0.367141
0.367242
0.367343
0.367444
0.367545
0.367646
0.367746
0.367847
0.367948
0.368049
0.368150
0.368251
0.368352
0.368453
0.368554
0.368655
0.368756
0.368857
0.368958
0.369058
0.369159
0.369260
0.369361
0.369462
0.369563
0.369664
0.369765
0.369866
0.369967
0.370068
0.370169
0.370269
0.370370
0.370471
0.370572
0.370673
0.370774
0.370875
0.370976
0.371077
0.371178
0.371279
0.371380
0.371480
0.371581
0.371682
0.371783
0.371884
0.371985
0.372086
0.372187
0.372288
0.372389
0.372490
0.372591
0.372691
0.372792
0.372893
0.372994
0.373095
0.373196
0.373297
0.373398
0.373499
0.373600
0.373701
0.373802
0.373903
0.374003
0.374104
0.374205
0.374306
0.374407
0.374508
0.374609
0.374710
0.374811
0.374912
0.375013
0.375114
0.375214
0.375315
0.375416
0.375517
0.375618
0.375719
0.375820
0.375921
0.376022
0.376123
0.376224
0.376325
0.376425
0.376526
0.376627
0.376728
0.376829
0.376930
0.377031
0.377132
0.377233
0.377334
0.377435
0.377536
0.377636
0.377737
0.377838
0.377939
0.378040
0.378141
0.378242
0.378343
0.378444
0.378545
0.378646
0.378747
0.378848
0.378948
0.379049
0.379150
0.379251
0.379352
0.379453
0.379554
0.379655
0.379756
0.379857
0.379958
0.380059
0.380159
0.380260
0.380361
0.380462
0.380563
0.380664
0.380765
0.380866
0.380967
0.381068
0.381169
0.381270
0.381370
0.381471
0.381572
0.381673
0.381774
0.381875
0.381976
0.382077
0.382178
0.382279
0.382380
0.382481
0.382581
0.382682
0.382783
0.382884
0.382985
0.383086
0.383187
0.383288
0.383389
0.383490
0.383591
0.383692
0.383793
0.383893
0.383994
0.384095
0.384196
0.384297
0.384398
0.384499
0.384600
0.384701
0.384802
0.384903
0.385004
0.385104
0.385205
0.385306
0.385407
0.385508
0.385609
0.385710
0.385811
0.385912
0.386013
0.386114
0.386215
0.386315
0.386416
0.386517
0.386618
0.386719
0.386820
0.386921
0.387022
0.387123
0.387224
0.387325
0.387426
0.387526
0.387627
0.387728
0.387829
0.387930
0.388031
0.388132
0.388233
0.388334
0.388435
0.388536
0.388637
0.388738
0.388838
0.388939
0.389040
0.389141
0.389242
0.389343
0.389444
0.389545
0.389646
0.389747
0.389848
0.389949
0.390049
0.390150
0.390251
0.390352
0.390453
0.390554
0.390655
0.390756
0.390857
0.390958
0.391059
0.391160
0.391260
0.391361
0.391462
0.391563
0.391664
0.391765
0.391866
0.391967
0.392068
0.392169
0.392270
0.392371
0.392471
0.392572
0.392673
0.392774
0.392875
0.392976
0.393077
0.393178
0.393279
0.393380
0.393481
0.393582
0.393683
0.393783
0.393884
0.393985
0.394086
0.394187
0.394288
0.394389
0.394490
0.394591
0.394692
0.394793
0.394894
0.394994
0.395095
0.395196
0.395297
0.395398
0.395499
0.395600
0.395701
0.395802
0.395903
0.396004
0.396105
0.396205
0.396306
0.396407
0.396508
0.396609
0.396710
0.396811
0.396912
0.397013
0.397114
0.397215
0.397316
0.397416
0.397517
0.397618
0.397719
0.397820
0.397921
0.398022
0.398123
0.398224
0.398325
0.398426
0.398527
0.398628
0.398728
0.398829
0.398930
0.399031
0.399132
0.399233
0.399334
0.399435
0.399536
0.399637
0.399738
0.399839
0.399939
0.400040
0.400141
0.400242
0.400343
0.400444
0.400545
0.400646
0.400747
0.400848
0.400949
0.401050
0.401150
0.401251
0.401352
0.401453
0.401554
0.401655
0.401756
0.401857
0.401958
0.402059
0.402160
0.402261
0.402361
0.402462
0.402563
0.402664
0.402765
0.402866
0.402967
0.403068
0.403169
0.403270
0.403371
0.403472
0.403573
0.403673
0.403774
0.403875
0.403976
0.404077
0.404178
0.404279
0.404380
0.404481
0.404582
0.404683
0.404784
0.404884
0.404985
0.405086
0.405187
0.405288
0.405389
0.405490
0.405591
0.405692
0.405793
0.405894
0.405995
0.406095
0.406196
0.406297
0.406398
0.406499
0.406600
0.406701
0.406802
0.406903
0.407004
0.407105
0.407206
0.407306
0.407407
0.407508
0.407609
0.407710
0.407811
0.407912
0.408013
0.408114
0.408215
0.408316
0.408417
0.408518
0.408618
0.408719
0.408820
0.408921
0.409022
0.409123
0.409224
0.409325
0.409426
0.409527
0.409628
0.409729
0.409829
0.409930
0.410031
0.410132
0.410233
0.410334
0.410435
0.410536
0.410637
0.410738
0.410839
0.410940
0.411040
0.411141
0.411242
0.411343
0.411444
0.411545
0.411646
0.411747
0.411848
0.411949
0.412050
0.412151
0.412251
0.412352
0.412453
0.412554
0.412655
0.412756
0.412857
0.412958
0.413059
0.413160
0.413261
0.413362
0.413463
0.413563
0.413664
0.413765
0.413866
0.413967
0.414068
0.414169
0.414270
0.414371
0.414472
0.414573
0.414674
0.414774
0.414875
0.414976
0.415077
0.415178
0.415279
0.415380
0.415481
0.415582
0.415683
0.415784
0.415885
0.415985
0.416086
0.416187
0.416288
0.416389
0.416490
0.416591
0.416692
0.416793
0.416894
0.416995
0.417096
0.417196
0.417297
0.417398
0.417499
0.417600
0.417701
0.417802
0.417903
0.418004
0.418105
0.418206
0.418307
0.418408
0.418508
0.418609
0.418710
0.418811
0.418912
0.419013
0.419114
0.419215
0.419316
0.419417
0.419518
0.419619
0.419719
0.419820
0.419921
0.420022
0.420123
0.420224
0.420325
0.420426
0.420527
0.420628
0.420729
0.420830
0.420930
0.421031
0.421132
0.421233
0.421334
0.421435
0.421536
0.421637
0.421738
0.421839
0.421940
0.422041
0.422141
0.422242
0.422343
0.422444
0.422545
0.422646
0.422747
0.422848
0.422949
0.423050
0.423151
0.423252
0.423353
0.423453
0.423554
0.423655
0.423756
0.423857
0.423958
0.424059
0.424160
0.424261
0.424362
0.424463
0.424564
0.424664
0.424765
0.424866
0.424967
0.425068
0.425169
0.425270
0.425371
0.425472
0.425573
0.425674
0.425775
0.425875
0.425976
0.426077
0.426178
0.426279
0.426380
0.426481
0.426582
0.426683
0.426784
0.426885
0.426986
0.427086
0.427187
0.427288
0.427389
0.427490
0.427591
0.427692
0.427793
0.427894
0.427995
0.428096
0.428197
0.428298
0.428398
0.428499
0.428600
0.428701
0.428802
0.428903
0.429004
0.429105
0.429206
0.429307
0.429408
0.429509
0.429609
0.429710
0.429811
0.429912
0.430013
0.430114
0.430215
0.430316
0.430417
0.430518
0.430619
0.430720
0.430820
0.430921
0.431022
0.431123
0.431224
0.431325
0.431426
0.431527
0.431628
0.431729
0.431830
0.431931
0.432031
0.432132
0.432233
0.432334
0.432435
0.432536
0.432637
0.432738
0.432839
0.432940
0.433041
0.433142
0.433243
0.433343
0.433444
0.433545
0.433646
0.433747
0.433848
0.433949
0.434050
0.434151
0.434252
0.434353
0.434454
0.434554
0.434655
0.434756
0.434857
0.434958
0.435059
0.435160
0.435261
0.435362
0.435463
0.435564
0.435665
0.435765
0.435866
0.435967
0.436068
0.436169
0.436270
0.436371
0.436472
0.436573
0.436674
0.436775
0.436876
0.436976
0.437077
0.437178
0.437279
0.437380
0.437481
0.437582
0.437683
0.437784
0.437885
0.437986
0.438087
0.438188
0.438288
0.438389
0.438490
0.438591
0.438692
0.438793
0.438894
0.438995
0.439096
0.439197
0.439298
0.439399
0.439499
0.439600
0.439701
0.439802
0.439903
0.440004
0.440105
0.440206
0.440307
0.440408
0.440509
0.440610
0.440710
0.440811
0.440912
0.441013
0.441114
0.441215
0.441316
0.441417
0.441518
0.441619
0.441720
0.441821
0.441921
0.442022
0.442123
0.442224
0.442325
0.442426
0.442527
0.442628
0.442729
0.442830
0.442931
0.443032
0.443133
0.443233
0.443334
0.443435
0.443536
0.443637
0.443738
0.443839
0.443940
0.444041
0.444142
0.444243
0.444344
0.444444
0.444545
0.444646
0.444747
0.444848
0.444949
0.445050
0.445151
0.445252
0.445353
0.445454
0.445555
0.445655
0.445756
0.445857
0.445958
0.446059
0.446160
0.446261
0.446362
0.446463
0.446564
0.446665
0.446766
0.446866
0.446967
0.447068
0.447169
0.447270
0.447371
0.447472
0.447573
0.447674
0.447775
0.447876
0.447977
0.448078
0.448178
0.448279
0.448380
0.448481
0.448582
0.448683
0.448784
0.448885
0.448986
0.449087
0.449188
0.449289
0.449389
0.449490
0.449591
0.449692
0.449793
0.449894
0.449995
0.450096
0.450197
0.450298
0.450399
0.450500
0.450600
0.450701
0.450802
0.450903
0.451004
0.451105
0.451206
0.451307
0.451408
0.451509
0.451610
0.451711
0.451811
0.451912
0.452013
0.452114
0.452215
0.452316
0.452417
0.452518
0.452619
0.452720
0.452821
0.452922
0.453023
0.453123
0.453224
0.453325
0.453426
0.453527
0.453628
0.453729
0.453830
0.453931
0.454032
0.454133
0.454234
0.454334
0.454435
0.454536
0.454637
0.454738
0.454839
0.454940
0.455041
0.455142
0.455243
0.455344
0.455445
0.455545
0.455646
0.455747
0.455848
0.455949
0.456050
0.456151
0.456252
0.456353
0.456454
0.456555
0.456656
0.456756
0.456857
0.456958
0.457059
0.457160
0.457261
0.457362
0.457463
0.457564
0.457665
0.457766
0.457867
0.457968
0.458068
0.458169
0.458270
0.458371
0.458472
0.458573
0.458674
0.458775
0.458876
0.458977
0.459078
0.459179
0.459279
0.459380
0.459481
0.459582
0.459683
0.459784
0.459885
0.459986
0.460087
0.460188
0.460289
0.460390
0.460490
0.460591
0.460692
0.460793
0.460894
0.460995
0.461096
0.461197
0.461298
0.461399
0.461500
0.461601
0.461701
0.461802
0.461903
0.462004
0.462105
0.462206
0.462307
0.462408
0.462509
0.462610
0.462711
0.462812
0.462913
0.463013
0.463114
0.463215
0.463316
0.463417
0.463518
0.463619
0.463720
0.463821
0.463922
0.464023
0.464124
0.464224
0.464325
0.464426
0.464527
0.464628
0.464729
0.464830
0.464931
0.465032
0.465133
0.465234
0.465335
0.465435
0.465536
0.465637
0.465738
0.465839
0.465940
0.466041
0.466142
0.466243
0.466344
0.466445
0.466546
0.466646
0.466747
0.466848
0.466949
0.467050
0.467151
0.467252
0.467353
0.467454
0.467555
0.467656
0.467757
0.467858
0.467958
0.468059
0.468160
0.468261
0.468362
0.468463
0.468564
0.468665
0.468766
0.468867
0.468968
0.469069
0.469169
0.469270
0.469371
0.469472
0.469573
0.469674
0.469775
0.469876
0.469977
0.470078
0.470179
0.470280
0.470380
0.470481
0.470582
0.470683
0.470784
0.470885
0.470986
0.471087
0.471188
0.471289
0.471390
0.471491
0.471591
0.471692
0.471793
0.471894
0.471995
0.472096
0.472197
0.472298
0.472399
0.472500
0.472601
0.472702
0.472803
0.472903
0.473004
0.473105
0.473206
0.473307
0.473408
0.473509
0.473610
0.473711
0.473812
0.473913
0.474014
0.474114
0.474215
0.474316
0.474417
0.474518
0.474619
0.474720
0.474821
0.474922
0.475023
0.475124
0.475225
0.475325
0.475426
0.475527
0.475628
0.475729
0.475830
0.475931
0.476032
0.476133
0.476234
0.476335
0.476436
0.476536
0.476637
0.476738
0.476839
0.476940
0.477041
0.477142
0.477243
0.477344
0.477445
0.477546
0.477647
0.477748
0.477848
0.477949
0.478050
0.478151
0.478252
0.478353
0.478454
0.478555
0.478656
0.478757
0.478858
0.478959
0.479059
0.479160
0.479261
0.479362
0.479463
0.479564
0.479665
0.479766
0.479867
0.479968
0.480069
0.480170
0.480270
0.480371
0.480472
0.480573
0.480674
0.480775
0.480876
0.480977
0.481078
0.481179
0.481280
0.481381
0.481481
0.481582
0.481683
0.481784
0.481885
0.481986
0.482087
0.482188
0.482289
0.482390
0.482491
0.482592
0.482693
0.482793
0.482894
0.482995
0.483096
0.483197
0.483298
0.483399
0.483500
0.483601
0.483702
0.483803
0.483904
0.484004
0.484105
0.484206
0.484307
0.484408
0.484509
0.484610
0.484711
0.484812
0.484913
0.485014
0.485115
0.485215
0.485316
0.485417
0.485518
0.485619
0.485720
0.485821
0.485922
0.486023
0.486124
0.486225
0.486326
0.486426
0.486527
0.486628
0.486729
0.486830
0.486931
0.487032
0.487133
0.487234
0.487335
0.487436
0.487537
0.487638
0.487738
0.487839
0.487940
0.488041
0.488142
0.488243
0.488344
0.488445
0.488546
0.488647
0.488748
0.488849
0.488949
0.489050
0.489151
0.489252
0.489353
0.489454
0.489555
0.489656
0.489757
0.489858
0.489959
0.490060
0.490160
0.490261
0.490362
0.490463
0.490564
0.490665
0.490766
0.490867
0.490968
0.491069
0.491170
0.491271
0.491371
0.491472
0.491573
0.491674
0.491775
0.491876
0.491977
0.492078
0.492179
0.492280
0.492381
0.492482
0.492583
0.492683
0.492784
0.492885
0.492986
0.493087
0.493188
0.493289
0.493390
0.493491
0.493592
0.493693
0.493794
0.493894
0.493995
0.494096
0.494197
0.494298
0.494399
0.494500
0.494601
0.494702
0.494803
0.494904
0.495005
0.495105
0.495206
0.495307
0.495408
0.495509
0.495610
0.495711
0.495812
0.495913
0.496014
0.496115
0.496216
0.496316
0.496417
0.496518
0.496619
0.496720
0.496821
0.496922
0.497023
0.497124
0.497225
0.497326
0.497427
0.497528
0.497628
0.497729
0.497830
0.497931
0.498032
0.498133
0.498234
0.498335
0.498436
0.498537
0.498638
0.498739
0.498839
0.498940
0.499041
0.499142
0.499243
0.499344
0.499445
0.499546
0.499647
0.499748
0.499849
0.499950
0.500050
0.500151
0.500252
0.500353
0.500454
0.500555
0.500656
0.500757
0.500858
0.500959
0.501060
0.501161
0.501261
0.501362
0.501463
0.501564
0.501665
0.501766
0.501867
0.501968
0.502069
0.502170
0.502271
0.502372
0.502472
0.502573
0.502674
0.502775
0.502876
0.502977
0.503078
0.503179
0.503280
0.503381
0.503482
0.503583
0.503684
0.503784
0.503885
0.503986
0.504087
0.504188
0.504289
0.504390
0.504491
0.504592
0.504693
0.504794
0.504895
0.504995
0.505096
0.505197
0.505298
0.505399
0.505500
0.505601
0.505702
0.505803
0.505904
0.506005
0.506106
0.506206
0.506307
0.506408
0.506509
0.506610
0.506711
0.506812
0.506913
0.507014
0.507115
0.507216
0.507317
0.507417
0.507518
0.507619
0.507720
0.507821
0.507922
0.508023
0.508124
0.508225
0.508326
0.508427
0.508528
0.508629
0.508729
0.508830
0.508931
0.509032
0.509133
0.509234
0.509335
0.509436
0.509537
0.509638
0.509739
0.509840
0.509940
0.510041
0.510142
0.510243
0.510344
0.510445
0.510546
0.510647
0.510748
0.510849
0.510950
0.511051
0.511151
0.511252
0.511353
0.511454
0.511555
0.511656
0.511757
0.511858
0.511959
0.512060
0.512161
0.512262
0.512362
0.512463
0.512564
0.512665
0.512766
0.512867
0.512968
0.513069
0.513170
0.513271
0.513372
0.513473
0.513574
0.513674
0.513775
0.513876
0.513977
0.514078
0.514179
0.514280
0.514381
0.514482
0.514583
0.514684
0.514785
0.514885
0.514986
0.515087
0.515188
0.515289
0.515390
0.515491
0.515592
0.515693
0.515794
0.515895
0.515996
0.516096
0.516197
0.516298
0.516399
0.516500
0.516601
0.516702
0.516803
0.516904
0.517005
0.517106
0.517207
0.517307
0.517408
0.517509
0.517610
0.517711
0.517812
0.517913
0.518014
0.518115
0.518216
0.518317
0.518418
0.518519
0.518619
0.518720
0.518821
0.518922
0.519023
0.519124
0.519225
0.519326
0.519427
0.519528
0.519629
0.519730
0.519830
0.519931
0.520032
0.520133
0.520234
0.520335
0.520436
0.520537
0.520638
0.520739
0.520840
0.520941
0.521041
0.521142
0.521243
0.521344
0.521445
0.521546
0.521647
0.521748
0.521849
0.521950
0.522051
0.522152
0.522252
0.522353
0.522454
0.522555
0.522656
0.522757
0.522858
0.522959
0.523060
0.523161
0.523262
0.523363
0.523464
0.523564
0.523665
0.523766
0.523867
0.523968
0.524069
0.524170
0.524271
0.524372
0.524473
0.524574
0.524675
0.524775
0.524876
0.524977
0.525078
0.525179
0.525280
0.525381
0.525482
0.525583
0.525684
0.525785
0.525886
0.525986
0.526087
0.526188
0.526289
0.526390
0.526491
0.526592
0.526693
0.526794
0.526895
0.526996
0.527097
0.527197
0.527298
0.527399
0.527500
0.527601
0.527702
0.527803
0.527904
0.528005
0.528106
0.528207
0.528308
0.528409
0.528509
0.528610
0.528711
0.528812
0.528913
0.529014
0.529115
0.529216
0.529317
0.529418
0.529519
0.529620
0.529720
0.529821
0.529922
0.530023
0.530124
0.530225
0.530326
0.530427
0.530528
0.530629
0.530730
0.530831
0.530931
0.531032
0.531133
0.531234
0.531335
0.531436
0.531537
0.531638
0.531739
0.531840
0.531941
0.532042
0.532142
0.532243
0.532344
0.532445
0.532546
0.532647
0.532748
0.532849
0.532950
0.533051
0.533152
0.533253
0.533354
0.533454
0.533555
0.533656
0.533757
0.533858
0.533959
0.534060
0.534161
0.534262
0.534363
0.534464
0.534565
0.534665
0.534766
0.534867
0.534968
0.535069
0.535170
0.535271
0.535372
0.535473
0.535574
0.535675
0.535776
0.535876
0.535977
0.536078
0.536179
0.536280
0.536381
0.536482
0.536583
0.536684
0.536785
0.536886
0.536987
0.537087
0.537188
0.537289
0.537390
0.537491
0.537592
0.537693
0.537794
0.537895
0.537996
0.538097
0.538198
0.538299
0.538399
0.538500
0.538601
0.538702
0.538803
0.538904
0.539005
0.539106
0.539207
0.539308
0.539409
0.539510
0.539610
0.539711
0.539812
0.539913
0.540014
0.540115
0.540216
0.540317
0.540418
0.540519
0.540620
0.540721
0.540821
0.540922
0.541023
0.541124
0.541225
0.541326
0.541427
0.541528
0.541629
0.541730
0.541831
0.541932
0.542032
0.542133
0.542234
0.542335
0.542436
0.542537
0.542638
0.542739
0.542840
0.542941
0.543042
0.543143
0.543244
0.543344
0.543445
0.543546
0.543647
0.543748
0.543849
0.543950
0.544051
0.544152
0.544253
0.544354
0.544455
0.544555
0.544656
0.544757
0.544858
0.544959
0.545060
0.545161
0.545262
0.545363
0.545464
0.545565
0.545666
0.545766
0.545867
0.545968
0.546069
0.546170
0.546271
0.546372
0.546473
0.546574
0.546675
0.546776
0.546877
0.546977
0.547078
0.547179
0.547280
0.547381
0.547482
0.547583
0.547684
0.547785
0.547886
0.547987
0.548088
0.548189
0.548289
0.548390
0.548491
0.548592
0.548693
0.548794
0.548895
0.548996
0.549097
0.549198
0.549299
0.549400
0.549500
0.549601
0.549702
0.549803
0.549904
0.550005
0.550106
0.550207
0.550308
0.550409
0.550510
0.550611
0.550711
0.550812
0.550913
0.551014
0.551115
0.551216
0.551317
0.551418
0.551519
0.551620
0.551721
0.551822
0.551922
0.552023
0.552124
0.552225
0.552326
0.552427
0.552528
0.552629
0.552730
0.552831
0.552932
0.553033
0.553134
0.553234
0.553335
0.553436
0.553537
0.553638
0.553739
0.553840
0.553941
0.554042
0.554143
0.554244
0.554345
0.554445
0.554546
0.554647
0.554748
0.554849
0.554950
0.555051
0.555152
0.555253
0.555354
0.555455
0.555556
0.555656
0.555757
0.555858
0.555959
0.556060
0.556161
0.556262
0.556363
0.556464
0.556565
0.556666
0.556767
0.556867
0.556968
0.557069
0.557170
0.557271
0.557372
0.557473
0.557574
0.557675
0.557776
0.557877
0.557978
0.558079
0.558179
0.558280
0.558381
0.558482
0.558583
0.558684
0.558785
0.558886
0.558987
0.559088
0.559189
0.559290
0.559390
0.559491
0.559592
0.559693
0.559794
0.559895
0.559996
0.560097
0.560198
0.560299
0.560400
0.560501
0.560601
0.560702
0.560803
0.560904
0.561005
0.561106
0.561207
0.561308
0.561409
0.561510
0.561611
0.561712
0.561812
0.561913
0.562014
0.562115
0.562216
0.562317
0.562418
0.562519
0.562620
0.562721
0.562822
0.562923
0.563024
0.563124
0.563225
0.563326
0.563427
0.563528
0.563629
0.563730
0.563831
0.563932
0.564033
0.564134
0.564235
0.564335
0.564436
0.564537
0.564638
0.564739
0.564840
0.564941
0.565042
0.565143
0.565244
0.565345
0.565446
0.565546
0.565647
0.565748
0.565849
0.565950
0.566051
0.566152
0.566253
0.566354
0.566455
0.566556
0.566657
0.566757
0.566858
0.566959
0.567060
0.567161
0.567262
0.567363
0.567464
0.567565
0.567666
0.567767
0.567868
0.567969
0.568069
0.568170
0.568271
0.568372
0.568473
0.568574
0.568675
0.568776
0.568877
0.568978
0.569079
0.569180
0.569280
0.569381
0.569482
0.569583
0.569684
0.569785
0.569886
0.569987
0.570088
0.570189
0.570290
0.570391
0.570491
0.570592
0.570693
0.570794
0.570895
0.570996
0.571097
0.571198
0.571299
0.571400
0.571501
0.571602
0.571702
0.571803
0.571904
0.572005
0.572106
0.572207
0.572308
0.572409
0.572510
0.572611
0.572712
0.572813
0.572914
0.573014
0.573115
0.573216
0.573317
0.573418
0.573519
0.573620
0.573721
0.573822
0.573923
0.574024
0.574125
0.574225
0.574326
0.574427
0.574528
0.574629
0.574730
0.574831
0.574932
0.575033
0.575134
0.575235
0.575336
0.575436
0.575537
0.575638
0.575739
0.575840
0.575941
0.576042
0.576143
0.576244
0.576345
0.576446
0.576547
0.576647
0.576748
0.576849
0.576950
0.577051
0.577152
0.577253
0.577354
0.577455
0.577556
0.577657
0.577758
0.577859
0.577959
0.578060
0.578161
0.578262
0.578363
0.578464
0.578565
0.578666
0.578767
0.578868
0.578969
0.579070
0.579170
0.579271
0.579372
0.579473
0.579574
0.579675
0.579776
0.579877
0.579978
0.580079
0.580180
0.580281
0.580381
0.580482
0.580583
0.580684
0.580785
0.580886
0.580987
0.581088
0.581189
0.581290
0.581391
0.581492
0.581592
0.581693
0.581794
0.581895
0.581996
0.582097
0.582198
0.582299
0.582400
0.582501
0.582602
0.582703
0.582804
0.582904
0.583005
0.583106
0.583207
0.583308
0.583409
0.583510
0.583611
0.583712
0.583813
0.583914
0.584015
0.584115
0.584216
0.584317
0.584418
0.584519
0.584620
0.584721
0.584822
0.584923
0.585024
0.585125
0.585226
0.585326
0.585427
0.585528
0.585629
0.585730
0.585831
0.585932
0.586033
0.586134
0.586235
0.586336
0.586437
0.586537
0.586638
0.586739
0.586840
0.586941
0.587042
0.587143
0.587244
0.587345
0.587446
0.587547
0.587648
0.587749
0.587849
0.587950
0.588051
0.588152
0.588253
0.588354
0.588455
0.588556
0.588657
0.588758
0.588859
0.588960
0.589060
0.589161
0.589262
0.589363
0.589464
0.589565
0.589666
0.589767
0.589868
0.589969
0.590070
0.590171
0.590271
0.590372
0.590473
0.590574
0.590675
0.590776
0.590877
0.590978
0.591079
0.591180
0.591281
0.591382
0.591482
0.591583
0.591684
0.591785
0.591886
0.591987
0.592088
0.592189
0.592290
0.592391
0.592492
0.592593
0.592694
0.592794
0.592895
0.592996
0.593097
0.593198
0.593299
0.593400
0.593501
0.593602
0.593703
0.593804
0.593905
0.594005
0.594106
0.594207
0.594308
0.594409
0.594510
0.594611
0.594712
0.594813
0.594914
0.595015
0.595116
0.595216
0.595317
0.595418
0.595519
0.595620
0.595721
0.595822
0.595923
0.596024
0.596125
0.596226
0.596327
0.596427
0.596528
0.596629
0.596730
0.596831
0.596932
0.597033
0.597134
0.597235
0.597336
0.597437
0.597538
0.597639
0.597739
0.597840
0.597941
0.598042
0.598143
0.598244
0.598345
0.598446
0.598547
0.598648
0.598749
0.598850
0.598950
0.599051
0.599152
0.599253
0.599354
0.599455
0.599556
0.599657
0.599758
0.599859
0.599960
0.600061
0.600161
0.600262
0.600363
0.600464
0.600565
0.600666
0.600767
0.600868
0.600969
0.601070
0.601171
0.601272
0.601372
0.601473
0.601574
0.601675
0.601776
0.601877
0.601978
0.602079
0.602180
0.602281
0.602382
0.602483
0.602584
0.602684
0.602785
0.602886
0.602987
0.603088
0.603189
0.603290
0.603391
0.603492
0.603593
0.603694
0.603795
0.603895
0.603996
0.604097
0.604198
0.604299
0.604400
0.604501
0.604602
0.604703
0.604804
0.604905
0.605006
0.605106
0.605207
0.605308
0.605409
0.605510
0.605611
0.605712
0.605813
0.605914
0.606015
0.606116
0.606217
0.606317
0.606418
0.606519
0.606620
0.606721
0.606822
0.606923
0.607024
0.607125
0.607226
0.607327
0.607428
0.607529
0.607629
0.607730
0.607831
0.607932
0.608033
0.608134
0.608235
0.608336
0.608437
0.608538
0.608639
0.608740
0.608840
0.608941
0.609042
0.609143
0.609244
0.609345
0.609446
0.609547
0.609648
0.609749
0.609850
0.609951
0.610051
0.610152
0.610253
0.610354
0.610455
0.610556
0.610657
0.610758
0.610859
0.610960
0.611061
0.611162
0.611262
0.611363
0.611464
0.611565
0.611666
0.611767
0.611868
0.611969
0.612070
0.612171
0.612272
0.612373
0.612474
0.612574
0.612675
0.612776
0.612877
0.612978
0.613079
0.613180
0.613281
0.613382
0.613483
0.613584
0.613685
0.613785
0.613886
0.613987
0.614088
0.614189
0.614290
0.614391
0.614492
0.614593
0.614694
0.614795
0.614896
0.614996
0.615097
0.615198
0.615299
0.615400
0.615501
0.615602
0.615703
0.615804
0.615905
0.616006
0.616107
0.616207
0.616308
0.616409
0.616510
0.616611
0.616712
0.616813
0.616914
0.617015
0.617116
0.617217
0.617318
0.617419
0.617519
0.617620
0.617721
0.617822
0.617923
0.618024
0.618125
0.618226
0.618327
0.618428
0.618529
0.618630
0.618730
0.618831
0.618932
0.619033
0.619134
0.619235
0.619336
0.619437
0.619538
0.619639
0.619740
0.619841
0.619941
0.620042
0.620143
0.620244
0.620345
0.620446
0.620547
0.620648
0.620749
0.620850
0.620951
0.621052
0.621152
0.621253
0.621354
0.621455
0.621556
0.621657
0.621758
0.621859
0.621960
0.622061
0.622162
0.622263
0.622364
0.622464
0.622565
0.622666
0.622767
0.622868
0.622969
0.623070
0.623171
0.623272
0.623373
0.623474
0.623575
0.623675
0.623776
0.623877
0.623978
0.624079
0.624180
0.624281
0.624382
0.624483
0.624584
0.624685
0.624786
0.624886
0.624987
0.625088
0.625189
0.625290
0.625391
0.625492
0.625593
0.625694
0.625795
0.625896
0.625997
0.626097
0.626198
0.626299
0.626400
0.626501
0.626602
0.626703
0.626804
0.626905
0.627006
0.627107
0.627208
0.627309
0.627409
0.627510
0.627611
0.627712
0.627813
0.627914
0.628015
0.628116
0.628217
0.628318
0.628419
0.628520
0.628620
0.628721
0.628822
0.628923
0.629024
0.629125
0.629226
0.629327
0.629428
0.629529
0.629630
0.629731
0.629831
0.629932
0.630033
0.630134
0.630235
0.630336
0.630437
0.630538
0.630639
0.630740
0.630841
0.630942
0.631042
0.631143
0.631244
0.631345
0.631446
0.631547
0.631648
0.631749
0.631850
0.631951
0.632052
0.632153
0.632254
0.632354
0.632455
0.632556
0.632657
0.632758
0.632859
0.632960
0.633061
0.633162
0.633263
0.633364
0.633465
0.633565
0.633666
0.633767
0.633868
0.633969
0.634070
0.634171
0.634272
0.634373
0.634474
0.634575
0.634676
0.634776
0.634877
0.634978
0.635079
0.635180
0.635281
0.635382
0.635483
0.635584
0.635685
0.635786
0.635887
0.635987
0.636088
0.636189
0.636290
0.636391
0.636492
0.636593
0.636694
0.636795
0.636896
0.636997
0.637098
0.637199
0.637299
0.637400
0.637501
0.637602
0.637703
0.637804
0.637905
0.638006
0.638107
0.638208
0.638309
0.638410
0.638510
0.638611
0.638712
0.638813
0.638914
0.639015
0.639116
0.639217
0.639318
0.639419
0.639520
0.639621
0.639721
0.639822
0.639923
0.640024
0.640125
0.640226
0.640327
0.640428
0.640529
0.640630
0.640731
0.640832
0.640932
0.641033
0.641134
0.641235
0.641336
0.641437
0.641538
0.641639
0.641740
0.641841
0.641942
0.642043
0.642144
0.642244
0.642345
0.642446
0.642547
0.642648
0.642749
0.642850
0.642951
0.643052
0.643153
0.643254
0.643355
0.643455
0.643556
0.643657
0.643758
0.643859
0.643960
0.644061
0.644162
0.644263
0.644364
0.644465
0.644566
0.644666
0.644767
0.644868
0.644969
0.645070
0.645171
0.645272
0.645373
0.645474
0.645575
0.645676
0.645777
0.645877
0.645978
0.646079
0.646180
0.646281
0.646382
0.646483
0.646584
0.646685
0.646786
0.646887
0.646988
0.647089
0.647189
0.647290
0.647391
0.647492
0.647593
0.647694
0.647795
0.647896
0.647997
0.648098
0.648199
0.648300
0.648400
0.648501
0.648602
0.648703
0.648804
0.648905
0.649006
0.649107
0.649208
0.649309
0.649410
0.649511
0.649611
0.649712
0.649813
0.649914
0.650015
0.650116
0.650217
0.650318
0.650419
0.650520
0.650621
0.650722
0.650822
0.650923
0.651024
0.651125
0.651226
0.651327
0.651428
0.651529
0.651630
0.651731
0.651832
0.651933
0.652034
0.652134
0.652235
0.652336
0.652437
0.652538
0.652639
0.652740
0.652841
0.652942
0.653043
0.653144
0.653245
0.653345
0.653446
0.653547
0.653648
0.653749
0.653850
0.653951
0.654052
0.654153
0.654254
0.654355
0.654456
0.654556
0.654657
0.654758
0.654859
0.654960
0.655061
0.655162
0.655263
0.655364
0.655465
0.655566
0.655667
0.655767
0.655868
0.655969
0.656070
0.656171
0.656272
0.656373
0.656474
0.656575
0.656676
0.656777
0.656878
0.656979
0.657079
0.657180
0.657281
0.657382
0.657483
0.657584
0.657685
0.657786
0.657887
0.657988
0.658089
0.658190
0.658290
0.658391
0.658492
0.658593
0.658694
0.658795
0.658896
0.658997
0.659098
0.659199
0.659300
0.659401
0.659501
0.659602
0.659703
0.659804
0.659905
0.660006
0.660107
0.660208
0.660309
0.660410
0.660511
0.660612
0.660712
0.660813
0.660914
0.661015
0.661116
0.661217
0.661318
0.661419
0.661520
0.661621
0.661722
0.661823
0.661924
0.662024
0.662125
0.662226
0.662327
0.662428
0.662529
0.662630
0.662731
0.662832
0.662933
0.663034
0.663135
0.663235
0.663336
0.663437
0.663538
0.663639
0.663740
0.663841
0.663942
0.664043
0.664144
0.664245
0.664346
0.664446
0.664547
0.664648
0.664749
0.664850
0.664951
0.665052
0.665153
0.665254
0.665355
0.665456
0.665557
0.665657
0.665758
0.665859
0.665960
0.666061
0.666162
0.666263
0.666364
0.666465
0.666566
0.666667
0.666768
0.666869
0.666969
0.667070
0.667171
0.667272
0.667373
0.667474
0.667575
0.667676
0.667777
0.667878
0.667979
0.668080
0.668180
0.668281
0.668382
0.668483
0.668584
0.668685
0.668786
0.668887
0.668988
0.669089
0.669190
0.669291
0.669391
0.669492
0.669593
0.669694
0.669795
0.669896
0.669997
0.670098
0.670199
0.670300
0.670401
0.670502
0.670602
0.670703
0.670804
0.670905
0.671006
0.671107
0.671208
0.671309
0.671410
0.671511
0.671612
0.671713
0.671814
0.671914
0.672015
0.672116
0.672217
0.672318
0.672419
0.672520
0.672621
0.672722
0.672823
0.672924
0.673025
0.673125
0.673226
0.673327
0.673428
0.673529
0.673630
0.673731
0.673832
0.673933
0.674034
0.674135
0.674236
0.674336
0.674437
0.674538
0.674639
0.674740
0.674841
0.674942
0.675043
0.675144
0.675245
0.675346
0.675447
0.675547
0.675648
0.675749
0.675850
0.675951
0.676052
0.676153
0.676254
0.676355
0.676456
0.676557
0.676658
0.676759
0.676859
0.676960
0.677061
0.677162
0.677263
0.677364
0.677465
0.677566
0.677667
0.677768
0.677869
0.677970
0.678070
0.678171
0.678272
0.678373
0.678474
0.678575
0.678676
0.678777
0.678878
0.678979
0.679080
0.679181
0.679281
0.679382
0.679483
0.679584
0.679685
0.679786
0.679887
0.679988
0.680089
0.680190
0.680291
0.680392
0.680492
0.680593
0.680694
0.680795
0.680896
0.680997
0.681098
0.681199
0.681300
0.681401
0.681502
0.681603
0.681704
0.681804
0.681905
0.682006
0.682107
0.682208
0.682309
0.682410
0.682511
0.682612
0.682713
0.682814
0.682915
0.683015
0.683116
0.683217
0.683318
0.683419
0.683520
0.683621
0.683722
0.683823
0.683924
0.684025
0.684126
0.684226
0.684327
0.684428
0.684529
0.684630
0.684731
0.684832
0.684933
0.685034
0.685135
0.685236
0.685337
0.685437
0.685538
0.685639
0.685740
0.685841
0.685942
0.686043
0.686144
0.686245
0.686346
0.686447
0.686548
0.686649
0.686749
0.686850
0.686951
0.687052
0.687153
0.687254
0.687355
0.687456
0.687557
0.687658
0.687759
0.687860
0.687960
0.688061
0.688162
0.688263
0.688364
0.688465
0.688566
0.688667
0.688768
0.688869
0.688970
0.689071
0.689171
0.689272
0.689373
0.689474
0.689575
0.689676
0.689777
0.689878
0.689979
0.690080
0.690181
0.690282
0.690382
0.690483
0.690584
0.690685
0.690786
0.690887
0.690988
0.691089
0.691190
0.691291
0.691392
0.691493
0.691594
0.691694
0.691795
0.691896
0.691997
0.692098
0.692199
0.692300
0.692401
0.692502
0.692603
0.692704
0.692805
0.692905
0.693006
0.693107
0.693208
0.693309
0.693410
0.693511
0.693612
0.693713
0.693814
0.693915
0.694016
0.694116
0.694217
0.694318
0.694419
0.694520
0.694621
0.694722
0.694823
0.694924
0.695025
0.695126
0.695227
0.695327
0.695428
0.695529
0.695630
0.695731
0.695832
0.695933
0.696034
0.696135
0.696236
0.696337
0.696438
0.696539
0.696639
0.696740
0.696841
0.696942
0.697043
0.697144
0.697245
0.697346
0.697447
0.697548
0.697649
0.697750
0.697850
0.697951
0.698052
0.698153
0.698254
0.698355
0.698456
0.698557
0.698658
0.698759
0.698860
0.698961
0.699061
0.699162
0.699263
0.699364
0.699465
0.699566
0.699667
0.699768
0.699869
0.699970
0.700071
0.700172
0.700272
0.700373
0.700474
0.700575
0.700676
0.700777
0.700878
0.700979
0.701080
0.701181
0.701282
0.701383
0.701483
0.701584
0.701685
0.701786
0.701887
0.701988
0.702089
0.702190
0.702291
0.702392
0.702493
0.702594
0.702695
0.702795
0.702896
0.702997
0.703098
0.703199
0.703300
0.703401
0.703502
0.703603
0.703704
0.703805
0.703906
0.704006
0.704107
0.704208
0.704309
0.704410
0.704511
0.704612
0.704713
0.704814
0.704915
0.705016
0.705117
0.705217
0.705318
0.705419
0.705520
0.705621
0.705722
0.705823
0.705924
0.706025
0.706126
0.706227
0.706328
0.706428
0.706529
0.706630
0.706731
0.706832
0.706933
0.707034
0.707135
0.707236
0.707337
0.707438
0.707539
0.707640
0.707740
0.707841
0.707942
0.708043
0.708144
0.708245
0.708346
0.708447
0.708548
0.708649
0.708750
0.708851
0.708951
0.709052
0.709153
0.709254
0.709355
0.709456
0.709557
0.709658
0.709759
0.709860
0.709961
0.710062
0.710162
0.710263
0.710364
0.710465
0.710566
0.710667
0.710768
0.710869
0.710970
0.711071
0.711172
0.711273
0.711373
0.711474
0.711575
0.711676
0.711777
0.711878
0.711979
0.712080
0.712181
0.712282
0.712383
0.712484
0.712585
0.712685
0.712786
0.712887
0.712988
0.713089
0.713190
0.713291
0.713392
0.713493
0.713594
0.713695
0.713796
0.713896
0.713997
0.714098
0.714199
0.714300
0.714401
0.714502
0.714603
0.714704
0.714805
0.714906
0.715007
0.715107
0.715208
0.715309
0.715410
0.715511
0.715612
0.715713
0.715814
0.715915
0.716016
0.716117
0.716218
0.716318
0.716419
0.716520
0.716621
0.716722
0.716823
0.716924
0.717025
0.717126
0.717227
0.717328
0.717429
0.717530
0.717630
0.717731
0.717832
0.717933
0.718034
0.718135
0.718236
0.718337
0.718438
0.718539
0.718640
0.718741
0.718841
0.718942
0.719043
0.719144
0.719245
0.719346
0.719447
0.719548
0.719649
0.719750
0.719851
0.719952
0.720052
0.720153
0.720254
0.720355
0.720456
0.720557
0.720658
0.720759
0.720860
0.720961
0.721062
0.721163
0.721263
0.721364
0.721465
0.721566
0.721667
0.721768
0.721869
0.721970
0.722071
0.722172
0.722273
0.722374
0.722475
0.722575
0.722676
0.722777
0.722878
0.722979
0.723080
0.723181
0.723282
0.723383
0.723484
0.723585
0.723686
0.723786
0.723887
0.723988
0.724089
0.724190
0.724291
0.724392
0.724493
0.724594
0.724695
0.724796
0.724897
0.724997
0.725098
0.725199
0.725300
0.725401
0.725502
0.725603
0.725704
0.725805
0.725906
0.726007
0.726108
0.726208
0.726309
0.726410
0.726511
0.726612
0.726713
0.726814
0.726915
0.727016
0.727117
0.727218
0.727319
0.727420
0.727520
0.727621
0.727722
0.727823
0.727924
0.728025
0.728126
0.728227
0.728328
0.728429
0.728530
0.728631
0.728731
0.728832
0.728933
0.729034
0.729135
0.729236
0.729337
0.729438
0.729539
0.729640
0.729741
0.729842
0.729942
0.730043
0.730144
0.730245
0.730346
0.730447
0.730548
0.730649
0.730750
0.730851
0.730952
0.731053
0.731153
0.731254
0.731355
0.731456
0.731557
0.731658
0.731759
0.731860
0.731961
0.732062
0.732163
0.732264
0.732365
0.732465
0.732566
0.732667
0.732768
0.732869
0.732970
0.733071
0.733172
0.733273
0.733374
0.733475
0.733576
0.733676
0.733777
0.733878
0.733979
0.734080
0.734181
0.734282
0.734383
0.734484
0.734585
0.734686
0.734787
0.734887
0.734988
0.735089
0.735190
0.735291
0.735392
0.735493
0.735594
0.735695
0.735796
0.735897
0.735998
0.736098
0.736199
0.736300
0.736401
0.736502
0.736603
0.736704
0.736805
0.736906
0.737007
0.737108
0.737209
0.737310
0.737410
0.737511
0.737612
0.737713
0.737814
0.737915
0.738016
0.738117
0.738218
0.738319
0.738420
0.738521
0.738621
0.738722
0.738823
0.738924
0.739025
0.739126
0.739227
0.739328
0.739429
0.739530
0.739631
0.739732
0.739832
0.739933
0.740034
0.740135
0.740236
0.740337
0.740438
0.740539
0.740640
0.740741
0.740842
0.740943
0.741043
0.741144
0.741245
0.741346
0.741447
0.741548
0.741649
0.741750
0.741851
0.741952
0.742053
0.742154
0.742255
0.742355
0.742456
0.742557
0.742658
0.742759
0.742860
0.742961
0.743062
0.743163
0.743264
0.743365
0.743466
0.743566
0.743667
0.743768
0.743869
0.743970
0.744071
0.744172
0.744273
0.744374
0.744475
0.744576
0.744677
0.744777
0.744878
0.744979
0.745080
0.745181
0.745282
0.745383
0.745484
0.745585
0.745686
0.745787
0.745888
0.745988
0.746089
0.746190
0.746291
0.746392
0.746493
0.746594
0.746695
0.746796
0.746897
0.746998
0.747099
0.747200
0.747300
0.747401
0.747502
0.747603
0.747704
0.747805
0.747906
0.748007
0.748108
0.748209
0.748310
0.748411
0.748511
0.748612
0.748713
0.748814
0.748915
0.749016
0.749117
0.749218
0.749319
0.749420
0.749521
0.749622
0.749722
0.749823
0.749924
0.750025
0.750126
0.750227
0.750328
0.750429
0.750530
0.750631
0.750732
0.750833
0.750933
0.751034
0.751135
0.751236
0.751337
0.751438
0.751539
0.751640
0.751741
0.751842
0.751943
0.752044
0.752145
0.752245
0.752346
0.752447
0.752548
0.752649
0.752750
0.752851
0.752952
0.753053
0.753154
0.753255
0.753356
0.753456
0.753557
0.753658
0.753759
0.753860
0.753961
0.754062
0.754163
0.754264
0.754365
0.754466
0.754567
0.754667
0.754768
0.754869
0.754970
0.755071
0.755172
0.755273
0.755374
0.755475
0.755576
0.755677
0.755778
0.755878
0.755979
0.756080
0.756181
0.756282
0.756383
0.756484
0.756585
0.756686
0.756787
0.756888
0.756989
0.757090
0.757190
0.757291
0.757392
0.757493
0.757594
0.757695
0.757796
0.757897
0.757998
0.758099
0.758200
0.758301
0.758401
0.758502
0.758603
0.758704
0.758805
0.758906
0.759007
0.759108
0.759209
0.759310
0.759411
0.759512
0.759612
0.759713
0.759814
0.759915
0.760016
0.760117
0.760218
0.760319
0.760420
0.760521
0.760622
0.760723
0.760823
0.760924
0.761025
0.761126
0.761227
0.761328
0.761429
0.761530
0.761631
0.761732
0.761833
0.761934
0.762035
0.762135
0.762236
0.762337
0.762438
0.762539
0.762640
0.762741
0.762842
0.762943
0.763044
0.763145
0.763246
0.763346
0.763447
0.763548
0.763649
0.763750
0.763851
0.763952
0.764053
0.764154
0.764255
0.764356
0.764457
0.764557
0.764658
0.764759
0.764860
0.764961
0.765062
0.765163
0.765264
0.765365
0.765466
0.765567
0.765668
0.765768
0.765869
0.765970
0.766071
0.766172
0.766273
0.766374
0.766475
0.766576
0.766677
0.766778
0.766879
0.766980
0.767080
0.767181
0.767282
0.767383
0.767484
0.767585
0.767686
0.767787
0.767888
0.767989
0.768090
0.768191
0.768291
0.768392
0.768493
0.768594
0.768695
0.768796
0.768897
0.768998
0.769099
0.769200
0.769301
0.769402
0.769502
0.769603
0.769704
0.769805
0.769906
0.770007
0.770108
0.770209
0.770310
0.770411
0.770512
0.770613
0.770713
0.770814
0.770915
0.771016
0.771117
0.771218
0.771319
0.771420
0.771521
0.771622
0.771723
0.771824
0.771925
0.772025
0.772126
0.772227
0.772328
0.772429
0.772530
0.772631
0.772732
0.772833
0.772934
0.773035
0.773136
0.773236
0.773337
0.773438
0.773539
0.773640
0.773741
0.773842
0.773943
0.774044
0.774145
0.774246
0.774347
0.774447
0.774548
0.774649
0.774750
0.774851
0.774952
0.775053
0.775154
0.775255
0.775356
0.775457
0.775558
0.775658
0.775759
0.775860
0.775961
0.776062
0.776163
0.776264
0.776365
0.776466
0.776567
0.776668
0.776769
0.776870
0.776970
0.777071
0.777172
0.777273
0.777374
0.777475
0.777576
0.777677
0.777778
0.777879
0.777980
0.778081
0.778181
0.778282
0.778383
0.778484
0.778585
0.778686
0.778787
0.778888
0.778989
0.779090
0.779191
0.779292
0.779392
0.779493
0.779594
0.779695
0.779796
0.779897
0.779998
0.780099
0.780200
0.780301
0.780402
0.780503
0.780603
0.780704
0.780805
0.780906
0.781007
0.781108
0.781209
0.781310
0.781411
0.781512
0.781613
0.781714
0.781815
0.781915
0.782016
0.782117
0.782218
0.782319
0.782420
0.782521
0.782622
0.782723
0.782824
0.782925
0.783026
0.783126
0.783227
0.783328
0.783429
0.783530
0.783631
0.783732
0.783833
0.783934
0.784035
0.784136
0.784237
0.784337
0.784438
0.784539
0.784640
0.784741
0.784842
0.784943
0.785044
0.785145
0.785246
0.785347
0.785448
0.785548
0.785649
0.785750
0.785851
0.785952
0.786053
0.786154
0.786255
0.786356
0.786457
0.786558
0.786659
0.786760
0.786860
0.786961
0.787062
0.787163
0.787264
0.787365
0.787466
0.787567
0.787668
0.787769
0.787870
0.787971
0.788071
0.788172
0.788273
0.788374
0.788475
0.788576
0.788677
0.788778
0.788879
0.788980
0.789081
0.789182
0.789282
0.789383
0.789484
0.789585
0.789686
0.789787
0.789888
0.789989
0.790090
0.790191
0.790292
0.790393
0.790493
0.790594
0.790695
0.790796
0.790897
0.790998
0.791099
0.791200
0.791301
0.791402
0.791503
0.791604
0.791705
0.791805
0.791906
0.792007
0.792108
0.792209
0.792310
0.792411
0.792512
0.792613
0.792714
0.792815
0.792916
0.793016
0.793117
0.793218
0.793319
0.793420
0.793521
0.793622
0.793723
0.793824
0.793925
0.794026
0.794127
0.794227
0.794328
0.794429
0.794530
0.794631
0.794732
0.794833
0.794934
0.795035
0.795136
0.795237
0.795338
0.795438
0.795539
0.795640
0.795741
0.795842
0.795943
0.796044
0.796145
0.796246
0.796347
0.796448
0.796549
0.796650
0.796750
0.796851
0.796952
0.797053
0.797154
0.797255
0.797356
0.797457
0.797558
0.797659
0.797760
0.797861
0.797961
0.798062
0.798163
0.798264
0.798365
0.798466
0.798567
0.798668
0.798769
0.798870
0.798971
0.799072
0.799172
0.799273
0.799374
0.799475
0.799576
0.799677
0.799778
0.799879
0.799980
0.800081
0.800182
0.800283
0.800383
0.800484
0.800585
0.800686
0.800787
0.800888
0.800989
0.801090
0.801191
0.801292
0.801393
0.801494
0.801595
0.801695
0.801796
0.801897
0.801998
0.802099
0.802200
0.802301
0.802402
0.802503
0.802604
0.802705
0.802806
0.802906
0.803007
0.803108
0.803209
0.803310
0.803411
0.803512
0.803613
0.803714
0.803815
0.803916
0.804017
0.804117
0.804218
0.804319
0.804420
0.804521
0.804622
0.804723
0.804824
0.804925
0.805026
0.805127
0.805228
0.805328
0.805429
0.805530
0.805631
0.805732
0.805833
0.805934
0.806035
0.806136
0.806237
0.806338
0.806439
0.806540
0.806640
0.806741
0.806842
0.806943
0.807044
0.807145
0.807246
0.807347
0.807448
0.807549
0.807650
0.807751
0.807851
0.807952
0.808053
0.808154
0.808255
0.808356
0.808457
0.808558
0.808659
0.808760
0.808861
0.808962
0.809062
0.809163
0.809264
0.809365
0.809466
0.809567
0.809668
0.809769
0.809870
0.809971
0.810072
0.810173
0.810273
0.810374
0.810475
0.810576
0.810677
0.810778
0.810879
0.810980
0.811081
0.811182
0.811283
0.811384
0.811485
0.811585
0.811686
0.811787
0.811888
0.811989
0.812090
0.812191
0.812292
0.812393
0.812494
0.812595
0.812696
0.812796
0.812897
0.812998
0.813099
0.813200
0.813301
0.813402
0.813503
0.813604
0.813705
0.813806
0.813907
0.814007
0.814108
0.814209
0.814310
0.814411
0.814512
0.814613
0.814714
0.814815
0.814916
0.815017
0.815118
0.815218
0.815319
0.815420
0.815521
0.815622
0.815723
0.815824
0.815925
0.816026
0.816127
0.816228
0.816329
0.816430
0.816530
0.816631
0.816732
0.816833
0.816934
0.817035
0.817136
0.817237
0.817338
0.817439
0.817540
0.817641
0.817741
0.817842
0.817943
0.818044
0.818145
0.818246
0.818347
0.818448
0.818549
0.818650
0.818751
0.818852
0.818952
0.819053
0.819154
0.819255
0.819356
0.819457
0.819558
0.819659
0.819760
0.819861
0.819962
0.820063
0.820163
0.820264
0.820365
0.820466
0.820567
0.820668
0.820769
0.820870
0.820971
0.821072
0.821173
0.821274
0.821375
0.821475
0.821576
0.821677
0.821778
0.821879
0.821980
0.822081
0.822182
0.822283
0.822384
0.822485
0.822586
0.822686
0.822787
0.822888
0.822989
0.823090
0.823191
0.823292
0.823393
0.823494
0.823595
0.823696
0.823797
0.823897
0.823998
0.824099
0.824200
0.824301
0.824402
0.824503
0.824604
0.824705
0.824806
0.824907
0.825008
0.825108
0.825209
0.825310
0.825411
0.825512
0.825613
0.825714
0.825815
0.825916
0.826017
0.826118
0.826219
0.826320
0.826420
0.826521
0.826622
0.826723
0.826824
0.826925
0.827026
0.827127
0.827228
0.827329
0.827430
0.827531
0.827631
0.827732
0.827833
0.827934
0.828035
0.828136
0.828237
0.828338
0.828439
0.828540
0.828641
0.828742
0.828842
0.828943
0.829044
0.829145
0.829246
0.829347
0.829448
0.829549
0.829650
0.829751
0.829852
0.829953
0.830053
0.830154
0.830255
0.830356
0.830457
0.830558
0.830659
0.830760
0.830861
0.830962
0.831063
0.831164
0.831265
0.831365
0.831466
0.831567
0.831668
0.831769
0.831870
0.831971
0.832072
0.832173
0.832274
0.832375
0.832476
0.832576
0.832677
0.832778
0.832879
0.832980
0.833081
0.833182
0.833283
0.833384
0.833485
0.833586
0.833687
0.833787
0.833888
0.833989
0.834090
0.834191
0.834292
0.834393
0.834494
0.834595
0.834696
0.834797
0.834898
0.834998
0.835099
0.835200
0.835301
0.835402
0.835503
0.835604
0.835705
0.835806
0.835907
0.836008
0.836109
0.836210
0.836310
0.836411
0.836512
0.836613
0.836714
0.836815
0.836916
0.837017
0.837118
0.837219
0.837320
0.837421
0.837521
0.837622
0.837723
0.837824
0.837925
0.838026
0.838127
0.838228
0.838329
0.838430
0.838531
0.838632
0.838732
0.838833
0.838934
0.839035
0.839136
0.839237
0.839338
0.839439
0.839540
0.839641
0.839742
0.839843
0.839943
0.840044
0.840145
0.840246
0.840347
0.840448
0.840549
0.840650
0.840751
0.840852
0.840953
0.841054
0.841155
0.841255
0.841356
0.841457
0.841558
0.841659
0.841760
0.841861
0.841962
0.842063
0.842164
0.842265
0.842366
0.842466
0.842567
0.842668
0.842769
0.842870
0.842971
0.843072
0.843173
0.843274
0.843375
0.843476
0.843577
0.843677
0.843778
0.843879
0.843980
0.844081
0.844182
0.844283
0.844384
0.844485
0.844586
0.844687
0.844788
0.844888
0.844989
0.845090
0.845191
0.845292
0.845393
0.845494
0.845595
0.845696
0.845797
0.845898
0.845999
0.846100
0.846200
0.846301
0.846402
0.846503
0.846604
0.846705
0.846806
0.846907
0.847008
0.847109
0.847210
0.847311
0.847411
0.847512
0.847613
0.847714
0.847815
0.847916
0.848017
0.848118
0.848219
0.848320
0.848421
0.848522
0.848622
0.848723
0.848824
0.848925
0.849026
0.849127
0.849228
0.849329
0.849430
0.849531
0.849632
0.849733
0.849833
0.849934
0.850035
0.850136
0.850237
0.850338
0.850439
0.850540
0.850641
0.850742
0.850843
0.850944
0.851045
0.851145
0.851246
0.851347
0.851448
0.851549
0.851650
0.851751
0.851852
0.851953
0.852054
0.852155
0.852256
0.852356
0.852457
0.852558
0.852659
0.852760
0.852861
0.852962
0.853063
0.853164
0.853265
0.853366
0.853467
0.853567
0.853668
0.853769
0.853870
0.853971
0.854072
0.854173
0.854274
0.854375
0.854476
0.854577
0.854678
0.854778
0.854879
0.854980
0.855081
0.855182
0.855283
0.855384
0.855485
0.855586
0.855687
0.855788
0.855889
0.855990
0.856090
0.856191
0.856292
0.856393
0.856494
0.856595
0.856696
0.856797
0.856898
0.856999
0.857100
0.857201
0.857301
0.857402
0.857503
0.857604
0.857705
0.857806
0.857907
0.858008
0.858109
0.858210
0.858311
0.858412
0.858512
0.858613
0.858714
0.858815
0.858916
0.859017
0.859118
0.859219
0.859320
0.859421
0.859522
0.859623
0.859723
0.859824
0.859925
0.860026
0.860127
0.860228
0.860329
0.860430
0.860531
0.860632
0.860733
0.860834
0.860935
0.861035
0.861136
0.861237
0.861338
0.861439
0.861540
0.861641
0.861742
0.861843
0.861944
0.862045
0.862146
0.862246
0.862347
0.862448
0.862549
0.862650
0.862751
0.862852
0.862953
0.863054
0.863155
0.863256
0.863357
0.863457
0.863558
0.863659
0.863760
0.863861
0.863962
0.864063
0.864164
0.864265
0.864366
0.864467
0.864568
0.864668
0.864769
0.864870
0.864971
0.865072
0.865173
0.865274
0.865375
0.865476
0.865577
0.865678
0.865779
0.865880
0.865980
0.866081
0.866182
0.866283
0.866384
0.866485
0.866586
0.866687
0.866788
0.866889
0.866990
0.867091
0.867191
0.867292
0.867393
0.867494
0.867595
0.867696
0.867797
0.867898
0.867999
0.868100
0.868201
0.868302
0.868402
0.868503
0.868604
0.868705
0.868806
0.868907
0.869008
0.869109
0.869210
0.869311
0.869412
0.869513
0.869613
0.869714
0.869815
0.869916
0.870017
0.870118
0.870219
0.870320
0.870421
0.870522
0.870623
0.870724
0.870825
0.870925
0.871026
0.871127
0.871228
0.871329
0.871430
0.871531
0.871632
0.871733
0.871834
0.871935
0.872036
0.872136
0.872237
0.872338
0.872439
0.872540
0.872641
0.872742
0.872843
0.872944
0.873045
0.873146
0.873247
0.873347
0.873448
0.873549
0.873650
0.873751
0.873852
0.873953
0.874054
0.874155
0.874256
0.874357
0.874458
0.874558
0.874659
0.874760
0.874861
0.874962
0.875063
0.875164
0.875265
0.875366
0.875467
0.875568
0.875669
0.875770
0.875870
0.875971
0.876072
0.876173
0.876274
0.876375
0.876476
0.876577
0.876678
0.876779
0.876880
0.876981
0.877081
0.877182
0.877283
0.877384
0.877485
0.877586
0.877687
0.877788
0.877889
0.877990
0.878091
0.878192
0.878292
0.878393
0.878494
0.878595
0.878696
0.878797
0.878898
0.878999
0.879100
0.879201
0.879302
0.879403
0.879503
0.879604
0.879705
0.879806
0.879907
0.880008
0.880109
0.880210
0.880311
0.880412
0.880513
0.880614
0.880715
0.880815
0.880916
0.881017
0.881118
0.881219
0.881320
0.881421
0.881522
0.881623
0.881724
0.881825
0.881926
0.882026
0.882127
0.882228
0.882329
0.882430
0.882531
0.882632
0.882733
0.882834
0.882935
0.883036
0.883137
0.883237
0.883338
0.883439
0.883540
0.883641
0.883742
0.883843
0.883944
0.884045
0.884146
0.884247
0.884348
0.884448
0.884549
0.884650
0.884751
0.884852
0.884953
0.885054
0.885155
0.885256
0.885357
0.885458
0.885559
0.885660
0.885760
0.885861
0.885962
0.886063
0.886164
0.886265
0.886366
0.886467
0.886568
0.886669
0.886770
0.886871
0.886971
0.887072
0.887173
0.887274
0.887375
0.887476
0.887577
0.887678
0.887779
0.887880
0.887981
0.888082
0.888182
0.888283
0.888384
0.888485
0.888586
0.888687
0.888788
0.888889
0.888990
0.889091
0.889192
0.889293
0.889393
0.889494
0.889595
0.889696
0.889797
0.889898
0.889999
0.890100
0.890201
0.890302
0.890403
0.890504
0.890605
0.890705
0.890806
0.890907
0.891008
0.891109
0.891210
0.891311
0.891412
0.891513
0.891614
0.891715
0.891816
0.891916
0.892017
0.892118
0.892219
0.892320
0.892421
0.892522
0.892623
0.892724
0.892825
0.892926
0.893027
0.893127
0.893228
0.893329
0.893430
0.893531
0.893632
0.893733
0.893834
0.893935
0.894036
0.894137
0.894238
0.894338
0.894439
0.894540
0.894641
0.894742
0.894843
0.894944
0.895045
0.895146
0.895247
0.895348
0.895449
0.895550
0.895650
0.895751
0.895852
0.895953
0.896054
0.896155
0.896256
0.896357
0.896458
0.896559
0.896660
0.896761
0.896861
0.896962
0.897063
0.897164
0.897265
0.897366
0.897467
0.897568
0.897669
0.897770
0.897871
0.897972
0.898072
0.898173
0.898274
0.898375
0.898476
0.898577
0.898678
0.898779
0.898880
0.898981
0.899082
0.899183
0.899283
0.899384
0.899485
0.899586
0.899687
0.899788
0.899889
0.899990
0.900091
0.900192
0.900293
0.900394
0.900494
0.900595
0.900696
0.900797
0.900898
0.900999
0.901100
0.901201
0.901302
0.901403
0.901504
0.901605
0.901706
0.901806
0.901907
0.902008
0.902109
0.902210
0.902311
0.902412
0.902513
0.902614
0.902715
0.902816
0.902917
0.903017
0.903118
0.903219
0.903320
0.903421
0.903522
0.903623
0.903724
0.903825
0.903926
0.904027
0.904128
0.904228
0.904329
0.904430
0.904531
0.904632
0.904733
0.904834
0.904935
0.905036
0.905137
0.905238
0.905339
0.905439
0.905540
0.905641
0.905742
0.905843
0.905944
0.906045
0.906146
0.906247
0.906348
0.906449
0.906550
0.906651
0.906751
0.906852
0.906953
0.907054
0.907155
0.907256
0.907357
0.907458
0.907559
0.907660
0.907761
0.907862
0.907962
0.908063
0.908164
0.908265
0.908366
0.908467
0.908568
0.908669
0.908770
0.908871
0.908972
0.909073
0.909173
0.909274
0.909375
0.909476
0.909577
0.909678
0.909779
0.909880
0.909981
0.910082
0.910183
0.910284
0.910384
0.910485
0.910586
0.910687
0.910788
0.910889
0.910990
0.911091
0.911192
0.911293
0.911394
0.911495
0.911596
0.911696
0.911797
0.911898
0.911999
0.912100
0.912201
0.912302
0.912403
0.912504
0.912605
0.912706
0.912807
0.912907
0.913008
0.913109
0.913210
0.913311
0.913412
0.913513
0.913614
0.913715
0.913816
0.913917
0.914018
0.914118
0.914219
0.914320
0.914421
0.914522
0.914623
0.914724
0.914825
0.914926
0.915027
0.915128
0.915229
0.915329
0.915430
0.915531
0.915632
0.915733
0.915834
0.915935
0.916036
0.916137
0.916238
0.916339
0.916440
0.916541
0.916641
0.916742
0.916843
0.916944
0.917045
0.917146
0.917247
0.917348
0.917449
0.917550
0.917651
0.917752
0.917852
0.917953
0.918054
0.918155
0.918256
0.918357
0.918458
0.918559
0.918660
0.918761
0.918862
0.918963
0.919063
0.919164
0.919265
0.919366
0.919467
0.919568
0.919669
0.919770
0.919871
0.919972
0.920073
0.920174
0.920274
0.920375
0.920476
0.920577
0.920678
0.920779
0.920880
0.920981
0.921082
0.921183
0.921284
0.921385
0.921486
0.921586
0.921687
0.921788
0.921889
0.921990
0.922091
0.922192
0.922293
0.922394
0.922495
0.922596
0.922697
0.922797
0.922898
0.922999
0.923100
0.923201
0.923302
0.923403
0.923504
0.923605
0.923706
0.923807
0.923908
0.924008
0.924109
0.924210
0.924311
0.924412
0.924513
0.924614
0.924715
0.924816
0.924917
0.925018
0.925119
0.925219
0.925320
0.925421
0.925522
0.925623
0.925724
0.925825
0.925926
0.926027
0.926128
0.926229
0.926330
0.926431
0.926531
0.926632
0.926733
0.926834
0.926935
0.927036
0.927137
0.927238
0.927339
0.927440
0.927541
0.927642
0.927742
0.927843
0.927944
0.928045
0.928146
0.928247
0.928348
0.928449
0.928550
0.928651
0.928752
0.928853
0.928953
0.929054
0.929155
0.929256
0.929357
0.929458
0.929559
0.929660
0.929761
0.929862
0.929963
0.930064
0.930164
0.930265
0.930366
0.930467
0.930568
0.930669
0.930770
0.930871
0.930972
0.931073
0.931174
0.931275
0.931376
0.931476
0.931577
0.931678
0.931779
0.931880
0.931981
0.932082
0.932183
0.932284
0.932385
0.932486
0.932587
0.932687
0.932788
0.932889
0.932990
0.933091
0.933192
0.933293
0.933394
0.933495
0.933596
0.933697
0.933798
0.933898
0.933999
0.934100
0.934201
0.934302
0.934403
0.934504
0.934605
0.934706
0.934807
0.934908
0.935009
0.935109
0.935210
0.935311
0.935412
0.935513
0.935614
0.935715
0.935816
0.935917
0.936018
0.936119
0.936220
0.936321
0.936421
0.936522
0.936623
0.936724
0.936825
0.936926
0.937027
0.937128
0.937229
0.937330
0.937431
0.937532
0.937632
0.937733
0.937834
0.937935
0.938036
0.938137
0.938238
0.938339
0.938440
0.938541
0.938642
0.938743
0.938843
0.938944
0.939045
0.939146
0.939247
0.939348
0.939449
0.939550
0.939651
0.939752
0.939853
0.939954
0.940054
0.940155
0.940256
0.940357
0.940458
0.940559
0.940660
0.940761
0.940862
0.940963
0.941064
0.941165
0.941266
0.941366
0.941467
0.941568
0.941669
0.941770
0.941871
0.941972
0.942073
0.942174
0.942275
0.942376
0.942477
0.942577
0.942678
0.942779
0.942880
0.942981
0.943082
0.943183
0.943284
0.943385
0.943486
0.943587
0.943688
0.943788
0.943889
0.943990
0.944091
0.944192
0.944293
0.944394
0.944495
0.944596
0.944697
0.944798
0.944899
0.944999
0.945100
0.945201
0.945302
0.945403
0.945504
0.945605
0.945706
0.945807
0.945908
0.946009
0.946110
0.946211
0.946311
0.946412
0.946513
0.946614
0.946715
0.946816
0.946917
0.947018
0.947119
0.947220
0.947321
0.947422
0.947522
0.947623
0.947724
0.947825
0.947926
0.948027
0.948128
0.948229
0.948330
0.948431
0.948532
0.948633
0.948733
0.948834
0.948935
0.949036
0.949137
0.949238
0.949339
0.949440
0.949541
0.949642
0.949743
0.949844
0.949944
0.950045
0.950146
0.950247
0.950348
0.950449
0.950550
0.950651
0.950752
0.950853
0.950954
0.951055
0.951156
0.951256
0.951357
0.951458
0.951559
0.951660
0.951761
0.951862
0.951963
0.952064
0.952165
0.952266
0.952367
0.952467
0.952568
0.952669
0.952770
0.952871
0.952972
0.953073
0.953174
0.953275
0.953376
0.953477
0.953578
0.953678
0.953779
0.953880
0.953981
0.954082
0.954183
0.954284
0.954385
0.954486
0.954587
0.954688
0.954789
0.954889
0.954990
0.955091
0.955192
0.955293
0.955394
0.955495
0.955596
0.955697
0.955798
0.955899
0.956000
0.956101
0.956201
0.956302
0.956403
0.956504
0.956605
0.956706
0.956807
0.956908
0.957009
0.957110
0.957211
0.957312
0.957412
0.957513
0.957614
0.957715
0.957816
0.957917
0.958018
0.958119
0.958220
0.958321
0.958422
0.958523
0.958623
0.958724
0.958825
0.958926
0.959027
0.959128
0.959229
0.959330
0.959431
0.959532
0.959633
0.959734
0.959834
0.959935
0.960036
0.960137
0.960238
0.960339
0.960440
0.960541
0.960642
0.960743
0.960844
0.960945
0.961046
0.961146
0.961247
0.961348
0.961449
0.961550
0.961651
0.961752
0.961853
0.961954
0.962055
0.962156
0.962257
0.962357
0.962458
0.962559
0.962660
0.962761
0.962862
0.962963
0.963064
0.963165
0.963266
0.963367
0.963468
0.963568
0.963669
0.963770
0.963871
0.963972
0.964073
0.964174
0.964275
0.964376
0.964477
0.964578
0.964679
0.964779
0.964880
0.964981
0.965082
0.965183
0.965284
0.965385
0.965486
0.965587
0.965688
0.965789
0.965890
0.965991
0.966091
0.966192
0.966293
0.966394
0.966495
0.966596
0.966697
0.966798
0.966899
0.967000
0.967101
0.967202
0.967302
0.967403
0.967504
0.967605
0.967706
0.967807
0.967908
0.968009
0.968110
0.968211
0.968312
0.968413
0.968513
0.968614
0.968715
0.968816
0.968917
0.969018
0.969119
0.969220
0.969321
0.969422
0.969523
0.969624
0.969724
0.969825
0.969926
0.970027
0.970128
0.970229
0.970330
0.970431
0.970532
0.970633
0.970734
0.970835
0.970936
0.971036
0.971137
0.971238
0.971339
0.971440
0.971541
0.971642
0.971743
0.971844
0.971945
0.972046
0.972147
0.972247
0.972348
0.972449
0.972550
0.972651
0.972752
0.972853
0.972954
0.973055
0.973156
0.973257
0.973358
0.973458
0.973559
0.973660
0.973761
0.973862
0.973963
0.974064
0.974165
0.974266
0.974367
0.974468
0.974569
0.974669
0.974770
0.974871
0.974972
0.975073
0.975174
0.975275
0.975376
0.975477
0.975578
0.975679
0.975780
0.975881
0.975981
0.976082
0.976183
0.976284
0.976385
0.976486
0.976587
0.976688
0.976789
0.976890
0.976991
0.977092
0.977192
0.977293
0.977394
0.977495
0.977596
0.977697
0.977798
0.977899
0.978000
0.978101
0.978202
0.978303
0.978403
0.978504
0.978605
0.978706
0.978807
0.978908
0.979009
0.979110
0.979211
0.979312
0.979413
0.979514
0.979614
0.979715
0.979816
0.979917
0.980018
0.980119
0.980220
0.980321
0.980422
0.980523
0.980624
0.980725
0.980826
0.980926
0.981027
0.981128
0.981229
0.981330
0.981431
0.981532
0.981633
0.981734
0.981835
0.981936
0.982037
0.982137
0.982238
0.982339
0.982440
0.982541
0.982642
0.982743
0.982844
0.982945
0.983046
0.983147
0.983248
0.983348
0.983449
0.983550
0.983651
0.983752
0.983853
0.983954
0.984055
0.984156
0.984257
0.984358
0.984459
0.984559
0.984660
0.984761
0.984862
0.984963
0.985064
0.985165
0.985266
0.985367
0.985468
0.985569
0.985670
0.985771
0.985871
0.985972
0.986073
0.986174
0.986275
0.986376
0.986477
0.986578
0.986679
0.986780
0.986881
0.986982
0.987082
0.987183
0.987284
0.987385
0.987486
0.987587
0.987688
0.987789
0.987890
0.987991
0.988092
0.988193
0.988293
0.988394
0.988495
0.988596
0.988697
0.988798
0.988899
0.989000
0.989101
0.989202
0.989303
0.989404
0.989504
0.989605
0.989706
0.989807
0.989908
0.990009
0.990110
0.990211
0.990312
0.990413
0.990514
0.990615
0.990716
0.990816
0.990917
0.991018
0.991119
0.991220
0.991321
0.991422
0.991523
0.991624
0.991725
0.991826
0.991927
0.992027
0.992128
0.992229
0.992330
0.992431
0.992532
0.992633
0.992734
0.992835
0.992936
0.993037
0.993138
0.993238
0.993339
0.993440
0.993541
0.993642
0.993743
0.993844
0.993945
0.994046
0.994147
0.994248
0.994349
0.994449
0.994550
0.994651
0.994752
0.994853
0.994954
0.995055
0.995156
0.995257
0.995358
0.995459
0.995560
0.995661
0.995761
0.995862
0.995963
0.996064
0.996165
0.996266
0.996367
0.996468
0.996569
0.996670
0.996771
0.996872
0.996972
0.997073
0.997174
0.997275
0.997376
0.997477
0.997578
0.997679
0.997780
0.997881
0.997982
0.998083
0.998183
0.998284
0.998385
0.998486
0.998587
0.998688
0.998789
0.998890
0.998991
0.999092
0.999193
0.999294
0.999394
0.999495
0.999596
0.999697
0.999798
0.999899
