12 87744.939394
22 250938.121212
32 477156.545455
42 674547.969697
52 675218.454545
62 690979.787879
72 838965.909091
82 682011.363636
92 690036.606061
102 698247.484848
112 701231.060606
122 704824.515152
132 708786.636364
142 705402.757576
152 712454.545455
162 718430.545455
172 726005.060606
182 734212.121212
192 735948.242424
202 733789.151515
212 738253.787879
222 740609.848485
232 744561.878788
242 752660.363636
252 755121.212121
262 762439.393939
272 760217.181818
282 766616.151515
292 767232.333333
302 775415.393939
312 771555.545455
322 791373.727273
332 790441.909091
342 802559.363636
352 807977.272727
362 815194.454545
372 811450.757576
382 830632.575758
392 824537.878788
402 832647.727273
412 836780.303030
422 845526.515152
432 845884.151515
442 850919.212121
452 844401.515152
462 861460.878788
472 857239.909091
482 873338.363636
492 868726.030303
