12 90334.606061
22 251332.090909
32 462146.484848
42 706392.696970
52 992195.696970
62 1262202.030303
72 1366568.181818
82 1379266.424242
92 1392111.121212
102 1396595.969697
112 1407607.303030
122 1424316.909091
132 1433965.909091
142 1446198.212121
152 1457993.696970
162 1472630.060606
172 1486787.878788
182 1494900.242424
192 1509523.969697
202 1496731.060606
212 1510303.030303
222 1536832.060606
232 1523186.878788
242 1523224.757576
252 1554972.212121
262 1617969.696970
272 1564271.454545
282 1601592.151515
292 1599265.151515
302 1614196.969697
312 1616852.272727
322 1636707.060606
332 1630708.333333
342 1644694.454545
352 1661551.757576
362 1679031.575758
372 1675458.333333
382 1684641.424242
392 1706608.575758
402 1718374.969697
412 1723410.333333
422 1785694.454545
432 1796559.363636
442 1815657.818182
452 1910209.575758
462 1935051.757576
472 1999223.484848
482 2035315.666667
492 2108184.363636
