12 172051.757576
22 525344.696970
32 939492.424242
42 1359160.363636
52 452449.484848
62 443685.606061
72 449321.969697
82 452131.333333
92 450727.272727
102 475017.666667
112 476413.363636
122 1393780.303030
132 1403493.666667
142 494388.909091
152 454789.151515
162 465507.575758
172 504772.727273
182 463212.121212
192 151928.030303
202 462250.000000
212 463218.454545
222 477670.454545
232 469984.848485
242 468781.575758
252 470542.909091
262 472060.606061
272 473789.151515
282 483566.909091
292 483972.212121
302 484064.393939
312 489948.212121
322 486304.303030
332 493045.454545
342 488388.878788
352 488753.787879
362 498861.121212
372 501517.666667
382 497603.545455
392 503848.484848
402 502175.484848
412 497214.636364
422 513280.303030
432 379348.484848
442 508742.424242
452 514138.878788
462 512358.575758
472 522195.696970
482 526111.090909
492 526550.515152
